"Method","Time (ms)","Own Time (ms)"
"java.lang.reflect.Method.invoke(Object, Object[]) Method.java","1632","0"
"sun.reflect.DelegatingMethodAccessorImpl.invoke(Object, Object[]) DelegatingMethodAccessorImpl.java","1632","0"
"sun.reflect.NativeMethodAccessorImpl.invoke(Object, Object[]) NativeMethodAccessorImpl.java","1632","0"
"sun.reflect.NativeMethodAccessorImpl.invoke0(Method, Object, Object[]) NativeMethodAccessorImpl.java (native)","1632","0"
"eu.prismacloud.primitives.grs.bench.generated.IssuingBenchmark_SerializeGSBenchmark_issuing_jmhTest.issuing_SingleShotTime(InfraControl, ThreadParams) IssuingBenchmark_SerializeGSBenchmark_issuing_jmhTest.java","1588","0"
"eu.prismacloud.primitives.grs.bench.generated.IssuingBenchmark_SerializeGSBenchmark_issuing_jmhTest.issuing_ss_jmhStub(InfraControl, RawResults, BenchmarkParams, IterationParams, ThreadParams, Blackhole, Control, int, int, IssuingBenchmark_SerializeGSBenchmark_jmhType) IssuingBenchmark_SerializeGSBenchmark_issuing_jmhTest.java","1588","0"
"java.lang.Thread.run() Thread.java","1588","0"
"java.util.concurrent.Executors$RunnableAdapter.call() Executors.java","1588","0"
"java.util.concurrent.FutureTask.run() FutureTask.java","1588","0"
"java.util.concurrent.ThreadPoolExecutor.runWorker(ThreadPoolExecutor$Worker) ThreadPoolExecutor.java","1588","0"
"java.util.concurrent.ThreadPoolExecutor$Worker.run() ThreadPoolExecutor.java","1588","0"
"org.openjdk.jmh.runner.BenchmarkHandler$BenchmarkTask.call() BenchmarkHandler.java","1588","0"
"org.openjdk.jmh.runner.BenchmarkHandler$BenchmarkTask.call() BenchmarkHandler.java","1588","0"
"eu.prismacloud.primitives.grs.bench.IssuingBenchmark$SerializeGSBenchmark.issuing(IssuingBenchmark$SerializeGSBenchmark) IssuingBenchmark.java","1296","0"
"eu.prismacloud.primitives.zkpgs.orchestrator.SignerOrchestrator.round2() SignerOrchestrator.java","976","0"
"eu.prismacloud.primitives.zkpgs.orchestrator.SignerOrchestrator.createPartialSignature(SignerOrchestrator$SignatureData, ExtendedPublicKey) SignerOrchestrator.java","536","0"
"java.math.BigInteger.primeToCertainty(int, Random) BigInteger.java","536","0"
"java.math.BigInteger.isProbablePrime(int) BigInteger.java","516","0"
"java.math.BigInteger.modPow(BigInteger, BigInteger) BigInteger.java","492","0"
"java.math.BigInteger.oddModPow(BigInteger, BigInteger) BigInteger.java","492","220"
"eu.prismacloud.primitives.zkpgs.orchestrator.SignerOrchestrator$SignatureData.computeRandomPrimeE() SignerOrchestrator.java","472","0"
"eu.prismacloud.primitives.zkpgs.util.CryptoUtilsFacade.computePrimeInRange(BigInteger, BigInteger) CryptoUtilsFacade.java","472","0"
"eu.prismacloud.primitives.zkpgs.util.GSUtils.generatePrimeInRange(BigInteger, BigInteger) GSUtils.java","472","0"
"eu.prismacloud.primitives.zkpgs.util.GSUtils.generatePrimeWithPositiveMin(BigInteger, BigInteger) GSUtils.java","472","0"
"eu.prismacloud.primitives.zkpgs.util.GSUtils.isPrime(BigInteger) GSUtils.java","432","0"
"java.math.BigInteger.passesMillerRabin(int, Random) BigInteger.java","432","0"
"eu.prismacloud.primitives.zkpgs.orchestrator.SignerOrchestrator.encodeSignerGraph() SignerOrchestrator.java","420","0"
"eu.prismacloud.primitives.zkpgs.graph.GSGraph.createGraph(String) GSGraph.java","340","0"
"org.openjdk.jmh.runner.ForkedMain.main(String[]) ForkedMain.java","328","0"
"org.jgrapht.io.GraphImporter.importGraph(Graph, InputStream) GraphImporter.java","320","0"
"org.jgrapht.io.GraphMLImporter.importGraph(Graph, Reader) GraphMLImporter.java","320","0"
"eu.prismacloud.primitives.grs.bench.IssuingBenchmark.setup() IssuingBenchmark.java","292","0"
"eu.prismacloud.primitives.grs.bench.IssuingBenchmark.setupIssuing(String) IssuingBenchmark.java","292","0"
"eu.prismacloud.primitives.grs.bench.IssuingBenchmark$SerializeGSBenchmark.setup() IssuingBenchmark.java","292","0"
"java.io.ObjectInputStream.defaultReadFields(Object, ObjectStreamClass) ObjectInputStream.java","276","0"
"java.io.ObjectInputStream.readObject() ObjectInputStream.java","276","0"
"java.io.ObjectInputStream.readObject0(boolean) ObjectInputStream.java","276","0"
"java.io.ObjectInputStream.readOrdinaryObject(boolean) ObjectInputStream.java","276","0"
"java.io.ObjectInputStream.readSerialData(Object, ObjectStreamClass) ObjectInputStream.java","276","0"
"eu.prismacloud.primitives.zkpgs.util.FilePersistenceUtil.write(Object, String) FilePersistenceUtil.java","220","0"
"java.io.ObjectOutputStream.defaultWriteFields(Object, ObjectStreamClass) ObjectOutputStream.java","220","0"
"java.io.ObjectOutputStream.writeObject(Object) ObjectOutputStream.java","220","0"
"java.io.ObjectOutputStream.writeObject0(Object, boolean) ObjectOutputStream.java","220","0"
"java.io.ObjectOutputStream.writeOrdinaryObject(Object, ObjectStreamClass, boolean) ObjectOutputStream.java","220","0"
"java.io.ObjectOutputStream.writeSerialData(Object, ObjectStreamClass) ObjectOutputStream.java","220","0"
"org.jgrapht.io.GraphMLImporter.createXMLReader() GraphMLImporter.java","220","0"
"java.io.ObjectInputStream.readClassDesc(boolean) ObjectInputStream.java","208","0"
"java.io.ObjectStreamClass.invokeWriteObject(Object, ObjectOutputStream) ObjectStreamClass.java","200","0"
"java.io.ObjectStreamClass.invokeReadObject(Object, ObjectInputStream) ObjectStreamClass.java","176","0"
"eu.prismacloud.primitives.zkpgs.util.FilePersistenceUtil.read(String) FilePersistenceUtil.java","172","0"
"java.security.AccessController.doPrivileged(PrivilegedAction) AccessController.java (native)","164","0"
"org.openjdk.jmh.runner.link.BinaryLinkClient.<init>(String, int) BinaryLinkClient.java","164","0"
"java.lang.ClassLoader.loadClass(String, boolean) ClassLoader.java","160","0"
"java.lang.ClassLoader.loadClass(String) ClassLoader.java","160","0"
"java.math.BigInteger.implMontgomerySquare(int[], int[], int, long, int[]) BigInteger.java","160","20"
"java.math.BigInteger.montgomerySquare(int[], int[], int, long, int[]) BigInteger.java","160","0"
"java.net.URLClassLoader.defineClass(String, Resource) URLClassLoader.java","160","0"
"java.net.URLClassLoader.findClass(String) URLClassLoader.java","160","0"
"java.net.URLClassLoader$1.run() URLClassLoader.java","160","0"
"java.net.URLClassLoader$1.run() URLClassLoader.java","160","0"
"java.security.AccessController.doPrivileged(PrivilegedExceptionAction, AccessControlContext) AccessController.java (native)","160","0"
"sun.misc.Launcher$AppClassLoader.loadClass(String, boolean) Launcher.java","160","0"
"java.io.ObjectInputStream.readNonProxyDesc(boolean) ObjectInputStream.java","148","0"
"java.io.ObjectStreamClass.<init>(Class) ObjectStreamClass.java","148","0"
"java.io.ObjectStreamClass.lookup(Class, boolean) ObjectStreamClass.java","148","0"
"java.io.ObjectStreamClass$3.run() ObjectStreamClass.java","148","0"
"java.io.ObjectStreamClass$3.run() ObjectStreamClass.java","148","0"
"com.sun.org.apache.xerces.internal.impl.xs.XMLSchemaLoader.loadGrammar(XMLInputSource[]) XMLSchemaLoader.java","140","0"
"com.sun.org.apache.xerces.internal.impl.xs.XMLSchemaLoader.loadGrammar(XMLInputSource) XMLSchemaLoader.java","140","0"
"com.sun.org.apache.xerces.internal.jaxp.validation.XMLSchemaFactory.newSchema(Source[]) XMLSchemaFactory.java","140","0"
"eu.prismacloud.primitives.zkpgs.orchestrator.RecipientOrchestrator.serializeFinalSignature(String) RecipientOrchestrator.java","140","0"
"java.math.BigInteger.squareToLen(int[], int, int[]) BigInteger.java","140","60"
"java.util.HashMap.readObject(ObjectInputStream) HashMap.java","132","0"
"java.io.ObjectStreamClass.initNonProxy(ObjectStreamClass, Class, ClassNotFoundException, ObjectStreamClass) ObjectStreamClass.java","128","0"
"com.sun.org.apache.xerces.internal.impl.xs.traversers.XSDHandler.parseSchema(XMLInputSource, XSDDescription, Map) XSDHandler.java","120","0"
"com.sun.org.apache.xerces.internal.impl.xs.XMLSchemaLoader.loadSchema(XSDDescription, XMLInputSource, Map) XMLSchemaLoader.java","120","0"
"java.io.FileOutputStream.write(byte[], int, int) FileOutputStream.java","120","0"
"java.io.FileOutputStream.writeBytes(byte[], int, int, boolean) FileOutputStream.java (native)","120","120"
"java.util.HashMap.writeObject(ObjectOutputStream) HashMap.java","120","0"
"java.io.ObjectInputStream.<clinit>() ObjectInputStream.java","108","0"
"java.lang.ClassLoader.defineClass(String, byte[], int, int, ProtectionDomain) ClassLoader.java","104","0"
"java.lang.ClassLoader.defineClass1(String, byte[], int, int, ProtectionDomain, String) ClassLoader.java (native)","104","104"
"java.math.BigInteger.lucasLehmerSequence(int, BigInteger, BigInteger) BigInteger.java","104","64"
"java.math.BigInteger.passesLucasLehmer() BigInteger.java","104","0"
"java.security.SecureClassLoader.defineClass(String, byte[], int, int, CodeSource) SecureClassLoader.java","104","0"
"org.openjdk.jmh.runner.ForkedRunner.run() ForkedRunner.java","104","0"
"org.openjdk.jmh.runner.link.BinaryLinkClient.readFrame() BinaryLinkClient.java","104","0"
"eu.prismacloud.primitives.zkpgs.orchestrator.RecipientOrchestrator.round1() RecipientOrchestrator.java","100","20"
"eu.prismacloud.primitives.zkpgs.store.URN.<init>(NamespaceComponent, NamespaceComponent, boolean) URN.java","100","0"
"eu.prismacloud.primitives.zkpgs.store.URNType.parseURNType(String) URNType.java","100","0"
"java.io.ObjectOutputStream$BlockDataOutputStream.drain() ObjectOutputStream.java","100","0"
"java.math.BigInteger.mulAdd(int[], int[], int, int, int) BigInteger.java","100","100"
"java.lang.invoke.MethodHandles$Lookup.getDirectMethodCommon(byte, Class, MemberName, boolean, boolean, Class) MethodHandles.java","96","0"
"com.sun.org.apache.xerces.internal.impl.dv.xs.XSSimpleTypeDecl.getActualValue(Object, ValidationContext, ValidatedInfo, boolean) XSSimpleTypeDecl.java","80","20"
"com.sun.org.apache.xerces.internal.impl.XMLDocumentFragmentScannerImpl.scanDocument(boolean) XMLDocumentFragmentScannerImpl.java","80","0"
"com.sun.org.apache.xerces.internal.impl.XMLDocumentFragmentScannerImpl$FragmentContentDriver.next() XMLDocumentFragmentScannerImpl.java","80","0"
"com.sun.org.apache.xerces.internal.impl.XMLDocumentScannerImpl.next() XMLDocumentScannerImpl.java","80","0"
"com.sun.org.apache.xerces.internal.impl.XMLNSDocumentScannerImpl.next() XMLNSDocumentScannerImpl.java","80","0"
"com.sun.org.apache.xerces.internal.impl.XMLNSDocumentScannerImpl.scanStartElement() XMLNSDocumentScannerImpl.java","80","0"
"eu.prismacloud.primitives.zkpgs.graph.GraphRepresentation.encodeGraph(GSGraph, ExtendedPublicKey) GraphRepresentation.java","80","0"
"eu.prismacloud.primitives.zkpgs.orchestrator.RecipientOrchestrator.round3() RecipientOrchestrator.java","80","0"
"eu.prismacloud.primitives.zkpgs.store.URN.createZkpgsURN(String) URN.java","80","0"
"eu.prismacloud.primitives.zkpgs.store.URNType.parseURNSuffix(String) URNType.java","80","20"
"java.io.FileInputStream.read() FileInputStream.java","80","0"
"java.io.FileInputStream.read0() FileInputStream.java (native)","80","80"
"java.io.ObjectInputStream$BlockDataInputStream.peek() ObjectInputStream.java","80","0"
"java.io.ObjectInputStream$BlockDataInputStream.peekByte() ObjectInputStream.java","80","0"
"java.io.ObjectInputStream$PeekInputStream.peek() ObjectInputStream.java","80","0"
"java.math.BigInteger.implSquareToLen(int[], int, int[], int) BigInteger.java","80","0"
"java.util.ArrayList.writeObject(ObjectOutputStream) ArrayList.java","80","0"
"java.lang.Class.forName0(String, boolean, ClassLoader, Class) Class.java (native)","76","20"
"java.math.BigInteger.montgomeryMultiply(int[], int[], int[], int, long, int[]) BigInteger.java","72","0"
"java.lang.invoke.MethodHandleNatives.linkCallSite(Object, Object, Object, Object, Object, Object[]) MethodHandleNatives.java","64","0"
"java.lang.invoke.MethodHandleNatives.linkCallSiteImpl(Class, MethodHandle, String, MethodType, Object, Object[]) MethodHandleNatives.java","64","0"
"java.lang.invoke.MethodHandles$Lookup.findStatic(Class, String, MethodType) MethodHandles.java","64","0"
"java.lang.invoke.MethodHandles$Lookup.getDirectMethod(byte, Class, MemberName, Class) MethodHandles.java","64","0"
"com.sun.org.apache.xerces.internal.impl.dv.xs.XSSimpleTypeDecl.validate(String, ValidationContext, ValidatedInfo) XSSimpleTypeDecl.java","60","0"
"com.sun.org.apache.xerces.internal.impl.xs.traversers.XSDHandler.traverseSchemas(ArrayList) XSDHandler.java","60","0"
"com.sun.org.apache.xerces.internal.impl.xs.XMLSchemaValidator.handleStartElement(QName, XMLAttributes, Augmentations) XMLSchemaValidator.java","60","0"
"com.sun.org.apache.xerces.internal.jaxp.SAXParserImpl$JAXPSAXParser.parse(InputSource) SAXParserImpl.java","60","0"
"com.sun.org.apache.xerces.internal.parsers.AbstractSAXParser.parse(InputSource) AbstractSAXParser.java","60","0"
"com.sun.org.apache.xerces.internal.parsers.XML11Configuration.parse(boolean) XML11Configuration.java","60","0"
"com.sun.org.apache.xerces.internal.parsers.XML11Configuration.parse(XMLInputSource) XML11Configuration.java","60","0"
"com.sun.org.apache.xerces.internal.parsers.XMLParser.parse(XMLInputSource) XMLParser.java","60","0"
"eu.prismacloud.primitives.zkpgs.graph.GraphRepresentation.encodeEdges() GraphRepresentation.java","60","0"
"eu.prismacloud.primitives.zkpgs.orchestrator.RecipientOrchestrator.computeChallenge() RecipientOrchestrator.java","60","0"
"eu.prismacloud.primitives.zkpgs.store.URNType.buildURN(URNType, Class, int) URNType.java","60","0"
"eu.prismacloud.primitives.zkpgs.util.crypto.QRElement.modPow(BigInteger) QRElement.java","60","0"
"eu.prismacloud.primitives.zkpgs.util.crypto.QRElement.modPow(BigInteger) QRElement.java","60","0"
"java.io.ObjectOutputStream$BlockDataOutputStream.setBlockDataMode(boolean) ObjectOutputStream.java","60","0"
"java.io.ObjectOutputStream$BlockDataOutputStream.write(byte[], int, int, boolean) ObjectOutputStream.java","60","0"
"java.lang.Class.getDeclaredMethod(String, Class[]) Class.java","60","40"
"java.lang.invoke.LambdaForm.compileToBytecode() LambdaForm.java","60","0"
"java.lang.invoke.LambdaForm.prepare() LambdaForm.java","60","0"
"java.lang.invoke.MethodHandle.<init>(MethodType, LambdaForm) MethodHandle.java","60","0"
"java.lang.Object.clone() Object.java (native)","60","60"
"java.util.HashMap.internalWriteEntries(ObjectOutputStream) HashMap.java","60","0"
"java.util.LinkedHashMap.internalWriteEntries(ObjectOutputStream) LinkedHashMap.java","60","0"
"org.openjdk.jmh.runner.BaseRunner.doSingle(BenchmarkParams, ActionMode, IterationResultAcceptor) BaseRunner.java","60","0"
"org.openjdk.jmh.runner.BaseRunner.runBenchmark(BenchmarkParams, IterationResultAcceptor) BaseRunner.java","60","0"
"org.openjdk.jmh.runner.BaseRunner.runBenchmarksForked(ActionPlan, IterationResultAcceptor) BaseRunner.java","60","0"
"org.openjdk.jmh.runner.BenchmarkHandler.<init>(OutputFormat, Options, BenchmarkParams) BenchmarkHandler.java","60","0"
"org.openjdk.jmh.runner.link.BinaryLinkClient.handshake() BinaryLinkClient.java","60","0"
"sun.reflect.GeneratedMethodAccessor3.invoke(Object, Object[])","60","0"
"java.lang.Class.forName(String) Class.java","56","0"
"java.lang.Class.getDeclaredField(String) Class.java","56","0"
"java.lang.Class.getDeclaredFields0(boolean) Class.java (native)","56","12"
"java.lang.Class.privateGetDeclaredFields(boolean) Class.java","56","0"
"java.lang.invoke.DirectMethodHandle.make(byte, Class, MemberName) DirectMethodHandle.java","52","0"
"java.lang.invoke.DirectMethodHandle.preparedLambdaForm(MemberName) DirectMethodHandle.java","52","0"
"java.math.BigInteger.implMontgomeryMultiply(int[], int[], int[], int, long, int[]) BigInteger.java","52","0"
"java.math.BigInteger.multiplyToLen(int[], int, int[], int, int[]) BigInteger.java","52","52"
"eu.prismacloud.primitives.zkpgs.signature.GSSignature.hasValidE() GSSignature.java","44","0"
"eu.prismacloud.primitives.zkpgs.signature.GSSignature.verify(SignerPublicKey, GroupElement) GSSignature.java","44","0"
"java.io.ObjectStreamClass.getDeclaredSUID(Class) ObjectStreamClass.java","44","0"
"java.io.ObjectStreamClass.getSerializableConstructor(Class) ObjectStreamClass.java","44","0"
"java.lang.Class.newInstance() Class.java","44","0"
"java.lang.invoke.CallSite.<clinit>() CallSite.java","44","0"
"java.lang.invoke.InvokerBytecodeGenerator.generateCustomizedCode(LambdaForm, MethodType) InvokerBytecodeGenerator.java","44","0"
"java.lang.invoke.InvokerBytecodeGenerator.generateCustomizedCodeBytes() InvokerBytecodeGenerator.java","44","0"
"java.lang.invoke.MethodHandle.asCollector(Class, int) MethodHandle.java","44","0"
"java.lang.invoke.MethodHandle.setVarargs(MemberName) MethodHandle.java","44","0"
"java.lang.invoke.MethodHandleImpl.makeVarargsCollector(MethodHandle, Class) MethodHandleImpl.java","44","0"
"java.lang.invoke.MethodHandleImpl.varargsArray(int) MethodHandleImpl.java","44","0"
"java.lang.invoke.MethodHandleImpl.varargsArray(Class, int) MethodHandleImpl.java","44","0"
"java.lang.invoke.MethodHandleImpl$AsVarargsCollector.<init>(MethodHandle, Class) MethodHandleImpl.java","44","0"
"java.lang.invoke.MethodHandleImpl$AsVarargsCollector.<init>(MethodType, MethodHandle, Class) MethodHandleImpl.java","44","0"
"java.lang.invoke.MethodHandleImpl$Lazy.<clinit>() MethodHandleImpl.java","44","0"
"java.util.ArrayList.readObject(ObjectInputStream) ArrayList.java","44","0"
"org.openjdk.jmh.runner.link.BinaryLinkClient.requestPlan() BinaryLinkClient.java","44","0"
"sun.reflect.MethodAccessorGenerator.generate(Class, String, Class[], Class, Class[], int, boolean, boolean, Class) MethodAccessorGenerator.java","44","0"
"sun.reflect.MethodAccessorGenerator.generateSerializationConstructor(Class, Class[], Class[], int, Class) MethodAccessorGenerator.java","44","0"
"sun.reflect.ReflectionFactory.generateConstructor(Class, Constructor) ReflectionFactory.java","44","0"
"sun.reflect.ReflectionFactory.newConstructorForSerialization(Class, Constructor) ReflectionFactory.java","44","0"
"com.sun.org.apache.xerces.internal.impl.xpath.regex.RegularExpression.matches(String) RegularExpression.java","40","0"
"com.sun.org.apache.xerces.internal.impl.xpath.regex.RegularExpression.matches(String, int, int, Match) RegularExpression.java","40","0"
"com.sun.org.apache.xerces.internal.impl.xs.opti.SchemaDOMParser.parse(XMLInputSource) SchemaDOMParser.java","40","0"
"com.sun.org.apache.xerces.internal.impl.xs.opti.SchemaParsingConfig.parse(boolean) SchemaParsingConfig.java","40","0"
"com.sun.org.apache.xerces.internal.impl.xs.opti.SchemaParsingConfig.parse(XMLInputSource) SchemaParsingConfig.java","40","0"
"com.sun.org.apache.xerces.internal.impl.xs.traversers.XSAttributeChecker.checkAttributes(Element, boolean, XSDocumentInfo) XSAttributeChecker.java","40","0"
"com.sun.org.apache.xerces.internal.impl.xs.traversers.XSAttributeChecker.checkAttributes(Element, boolean, XSDocumentInfo, boolean) XSAttributeChecker.java","40","0"
"com.sun.org.apache.xerces.internal.impl.xs.traversers.XSDAbstractTraverser.traverseAnnotationDecl(Element, Object[], boolean, XSDocumentInfo) XSDAbstractTraverser.java","40","0"
"com.sun.org.apache.xerces.internal.impl.xs.traversers.XSDHandler.getSchemaDocument(String, XMLInputSource, boolean, short, Element) XSDHandler.java","40","0"
"com.sun.org.apache.xerces.internal.impl.xs.XMLSchemaLoader.<init>() XMLSchemaLoader.java","40","0"
"com.sun.org.apache.xerces.internal.impl.xs.XMLSchemaValidator.startElement(QName, XMLAttributes, Augmentations) XMLSchemaValidator.java","40","0"
"com.sun.org.apache.xerces.internal.jaxp.validation.XMLSchemaFactory.<init>() XMLSchemaFactory.java","40","0"
"eu.prismacloud.primitives.zkpgs.context.GSContext.addToChallengeContext(List) GSContext.java","40","0"
"eu.prismacloud.primitives.zkpgs.context.GSContext.computeChallengeContext() GSContext.java","40","0"
"eu.prismacloud.primitives.zkpgs.keys.ExtendedPublicKey.addToChallengeContext(List) ExtendedPublicKey.java","40","20"
"eu.prismacloud.primitives.zkpgs.orchestrator.RecipientOrchestrator.populateChallengeList() RecipientOrchestrator.java","40","0"
"eu.prismacloud.primitives.zkpgs.signature.GSSignature.verify(ExtendedPublicKey, BaseCollection) GSSignature.java","40","20"
"eu.prismacloud.primitives.zkpgs.signature.GSSignatureValidator.checkE(BigInteger) GSSignatureValidator.java","40","0"
"eu.prismacloud.primitives.zkpgs.signature.GSSignatureValidator.verify() GSSignatureValidator.java","40","0"
"eu.prismacloud.primitives.zkpgs.store.URNType.values() URNType.java","40","0"
"java.io.FileInputStream.read(byte[], int, int) FileInputStream.java","40","0"
"java.io.FileInputStream.readBytes(byte[], int, int) FileInputStream.java (native)","40","40"
"java.io.ObjectInputStream$PeekInputStream.read(byte[], int, int) ObjectInputStream.java","40","0"
"java.io.ObjectInputStream$PeekInputStream.readFully(byte[], int, int) ObjectInputStream.java","40","0"
"java.io.ObjectOutputStream.writeFields() ObjectOutputStream.java","40","0"
"java.io.ObjectStreamClass.getPrivateMethod(Class, String, Class[], Class) ObjectStreamClass.java","40","0"
"java.lang.Class.getDeclaredMethods0(boolean) Class.java (native)","40","20"
"java.lang.Class.privateGetDeclaredMethods(boolean) Class.java","40","0"
"java.lang.reflect.Constructor.newInstance(Object[]) Constructor.java","40","0"
"java.lang.reflect.Proxy.newProxyInstance(ClassLoader, Class[], InvocationHandler) Proxy.java","40","0"
"java.math.BigInteger.<init>(int, Random) BigInteger.java","40","0"
"java.math.BigInteger.randomBits(int, Random) BigInteger.java","40","20"
"java.math.BigInteger.writeObject(ObjectOutputStream) BigInteger.java","40","0"
"javax.xml.validation.SchemaFactory.newInstance(String) SchemaFactory.java","40","0"
"javax.xml.validation.SchemaFactoryFinder._newFactory(String) SchemaFactoryFinder.java","40","0"
"javax.xml.validation.SchemaFactoryFinder.newFactory(String) SchemaFactoryFinder.java","40","0"
"org.jgrapht.io.GraphMLImporter$GraphMLHandler.updateGraph(Graph) GraphMLImporter.java","40","0"
"sun.misc.Unsafe.compareAndSwapObject(Object, long, Object, Object) Unsafe.java (native)","40","40"
"sun.reflect.DelegatingConstructorAccessorImpl.newInstance(Object[]) DelegatingConstructorAccessorImpl.java","40","0"
"sun.reflect.GeneratedMethodAccessor2.invoke(Object, Object[])","40","0"
"sun.reflect.NativeConstructorAccessorImpl.newInstance(Object[]) NativeConstructorAccessorImpl.java","40","0"
"sun.reflect.NativeConstructorAccessorImpl.newInstance0(Constructor, Object[]) NativeConstructorAccessorImpl.java (native)","40","0"
"java.lang.invoke.BoundMethodHandle.<init>(MethodType, LambdaForm) BoundMethodHandle.java","36","0"
"java.lang.invoke.BoundMethodHandle$Factory.makeCbmhCtor(Class, String) BoundMethodHandle.java","36","0"
"java.lang.invoke.BoundMethodHandle$Factory.makeCtors(Class, String, MethodHandle[]) BoundMethodHandle.java","36","0"
"java.lang.invoke.DirectMethodHandle.makePreparedLambdaForm(MethodType, int) DirectMethodHandle.java","32","0"
"java.lang.invoke.DirectMethodHandle.preparedLambdaForm(MethodType, int) DirectMethodHandle.java","32","0"
"java.lang.invoke.LambdaForm.<clinit>() LambdaForm.java","32","0"
"java.lang.invoke.LambdaForm.createIdentityForms() LambdaForm.java","32","0"
"java.lang.invoke.MethodHandleNatives.linkMethodHandleConstant(Class, int, Class, String, Object) MethodHandleNatives.java","32","0"
"java.lang.invoke.MethodHandles$Lookup.getDirectMethodForConstant(byte, Class, MemberName) MethodHandles.java","32","0"
"java.lang.invoke.MethodHandles$Lookup.getDirectMethodNoSecurityManager(byte, Class, MemberName, Class) MethodHandles.java","32","0"
"java.lang.invoke.MethodHandles$Lookup.linkMethodHandleConstant(byte, Class, String, Object) MethodHandles.java","32","0"
"java.lang.invoke.MethodType.makeImpl(Class, Class[], boolean) MethodType.java","32","0"
"java.io.ObjectInputStream.readArray(boolean) ObjectInputStream.java","28","0"
"java.io.ObjectInputStream.readFields() ObjectInputStream.java","28","0"
"java.io.ObjectInputStream$GetFieldImpl.readFields() ObjectInputStream.java","28","0"
"java.math.BigInteger.readObject(ObjectInputStream) BigInteger.java","28","0"
"sun.reflect.GeneratedMethodAccessor1.invoke(Object, Object[])","28","0"
"eu.prismacloud.primitives.zkpgs.keys.ExtendedPublicKey.getPrototypeEdgeBase(int) ExtendedPublicKey.java","24","0"
"eu.prismacloud.primitives.zkpgs.keys.ExtendedPublicKey.getRandomEdgeBase() ExtendedPublicKey.java","24","0"
"eu.prismacloud.primitives.zkpgs.keys.ExtendedPublicKey.getRandomEdgeBase(Map) ExtendedPublicKey.java","24","0"
"java.lang.Class.getConstructor0(Class[], int) Class.java","24","0"
"java.lang.Class.newReflectionData(SoftReference, int) Class.java","24","0"
"java.lang.Class.privateGetDeclaredConstructors(boolean) Class.java","24","0"
"java.lang.Class.reflectionData() Class.java","24","0"
"java.lang.Class$Atomic.casReflectionData(Class, SoftReference, SoftReference) Class.java","24","0"
"java.lang.invoke.DelegatingMethodHandle.<init>(MethodType, MethodHandle) DelegatingMethodHandle.java","24","0"
"java.lang.invoke.MethodHandleImpl.makeArrays() MethodHandleImpl.java","24","0"
"java.lang.invoke.MethodHandleImpl.makeIntrinsic(MethodHandle, MethodHandleImpl$Intrinsic) MethodHandleImpl.java","24","0"
"java.lang.invoke.MethodHandleImpl$IntrinsicMethodHandle.<init>(MethodHandle, MethodHandleImpl$Intrinsic) MethodHandleImpl.java","24","0"
"jdk.internal.org.objectweb.asm.ByteVector.<init>(int) ByteVector.java","24","24"
"jdk.internal.org.objectweb.asm.ClassWriter.toByteArray() ClassWriter.java","24","0"
"sun.reflect.MethodAccessorGenerator$1.run() MethodAccessorGenerator.java","24","0"
"sun.reflect.MethodAccessorGenerator$1.run() MethodAccessorGenerator.java","24","0"
"com.sun.org.apache.xerces.internal.impl.dv.SchemaDVFactory.getInstance() SchemaDVFactory.java","20","0"
"com.sun.org.apache.xerces.internal.impl.dv.SchemaDVFactory.getInstance(String) SchemaDVFactory.java","20","0"
"com.sun.org.apache.xerces.internal.impl.dv.xs.BaseSchemaDVFactory.createBuiltInTypes(SymbolHash, XSSimpleTypeDecl) BaseSchemaDVFactory.java","20","0"
"com.sun.org.apache.xerces.internal.impl.dv.xs.SchemaDVFactoryImpl.<clinit>() SchemaDVFactoryImpl.java","20","0"
"com.sun.org.apache.xerces.internal.impl.dv.xs.SchemaDVFactoryImpl.createBuiltInTypes() SchemaDVFactoryImpl.java","20","0"
"com.sun.org.apache.xerces.internal.impl.dv.xs.XSSimpleTypeDecl.applyFacets(XSFacets, short, short, short, ValidationContext) XSSimpleTypeDecl.java","20","0"
"com.sun.org.apache.xerces.internal.impl.dv.xs.XSSimpleTypeDecl.applyFacets1(XSFacets, short, short) XSSimpleTypeDecl.java","20","0"
"com.sun.org.apache.xerces.internal.impl.dv.xs.XSSimpleTypeDecl.normalize(Object, short) XSSimpleTypeDecl.java","20","20"
"com.sun.org.apache.xerces.internal.impl.XMLDocumentScannerImpl.reset(XMLComponentManager) XMLDocumentScannerImpl.java","20","0"
"com.sun.org.apache.xerces.internal.impl.XMLDocumentScannerImpl$PrologDriver.next() XMLDocumentScannerImpl.java","20","0"
"com.sun.org.apache.xerces.internal.impl.XMLEntityManager.<init>() XMLEntityManager.java","20","0"
"com.sun.org.apache.xerces.internal.impl.XMLNSDocumentScannerImpl.reset(XMLComponentManager) XMLNSDocumentScannerImpl.java","20","0"
"com.sun.org.apache.xerces.internal.impl.XMLNSDocumentScannerImpl$NSContentDriver.scanRootElementHook() XMLNSDocumentScannerImpl.java","20","0"
"com.sun.org.apache.xerces.internal.impl.xpath.regex.RegularExpression.compile(Token) RegularExpression.java","20","0"
"com.sun.org.apache.xerces.internal.impl.xpath.regex.RegularExpression.compile(Token, Op, boolean) RegularExpression.java","20","20"
"com.sun.org.apache.xerces.internal.impl.xpath.regex.RegularExpression.match(RegularExpression$Context, Op, int, int, int) RegularExpression.java","20","20"
"com.sun.org.apache.xerces.internal.impl.xpath.regex.RegularExpression.prepare() RegularExpression.java","20","0"
"com.sun.org.apache.xerces.internal.impl.xpath.XPath.<init>(String, SymbolTable, NamespaceContext) XPath.java","20","0"
"com.sun.org.apache.xerces.internal.impl.xpath.XPath.getLocationPaths() XPath.java","20","20"
"com.sun.org.apache.xerces.internal.impl.xpath.XPath.parseExpression(NamespaceContext) XPath.java","20","0"
"com.sun.org.apache.xerces.internal.impl.xpath.XPath$Scanner.scanExpr(SymbolTable, XPath$Tokens, String, int, int) XPath.java","20","0"
"com.sun.org.apache.xerces.internal.impl.xpath.XPath$Tokens.addToken(String) XPath.java","20","20"
"com.sun.org.apache.xerces.internal.impl.xs.ElementPSVImpl.reset() ElementPSVImpl.java","20","20"
"com.sun.org.apache.xerces.internal.impl.xs.identity.Field$XPath.<init>(String, SymbolTable, NamespaceContext) Field.java","20","0"
"com.sun.org.apache.xerces.internal.impl.xs.identity.Selector.createMatcher(FieldActivator, int) Selector.java","20","0"
"com.sun.org.apache.xerces.internal.impl.xs.identity.Selector$Matcher.<init>(Selector, Selector$XPath, FieldActivator, int) Selector.java","20","0"
"com.sun.org.apache.xerces.internal.impl.xs.identity.XPathMatcher.<init>(XPath) XPathMatcher.java","20","0"
"com.sun.org.apache.xerces.internal.impl.xs.opti.SchemaDOM.processAttValue(String) SchemaDOM.java","20","20"
"com.sun.org.apache.xerces.internal.impl.xs.opti.SchemaDOM.startAnnotation(String, XMLAttributes, NamespaceContext) SchemaDOM.java","20","0"
"com.sun.org.apache.xerces.internal.impl.xs.opti.SchemaDOM.startAnnotation(QName, XMLAttributes, NamespaceContext) SchemaDOM.java","20","0"
"com.sun.org.apache.xerces.internal.impl.xs.opti.SchemaDOMParser.startElement(QName, XMLAttributes, Augmentations) SchemaDOMParser.java","20","0"
"com.sun.org.apache.xerces.internal.impl.xs.opti.SchemaParsingConfig.resetXML10() SchemaParsingConfig.java","20","0"
"com.sun.org.apache.xerces.internal.impl.xs.traversers.XSDAbstractIDConstraintTraverser.traverseIdentityConstraint(IdentityConstraint, Element, XSDocumentInfo, Object[]) XSDAbstractIDConstraintTraverser.java","20","0"
"com.sun.org.apache.xerces.internal.impl.xs.traversers.XSDAbstractTraverser.traverseAttrsAndAttrGrps(Element, XSAttributeGroupDecl, XSDocumentInfo, SchemaGrammar, XSComplexTypeDecl) XSDAbstractTraverser.java","20","0"
"com.sun.org.apache.xerces.internal.impl.xs.traversers.XSDAttributeGroupTraverser.traverseGlobal(Element, XSDocumentInfo, SchemaGrammar) XSDAttributeGroupTraverser.java","20","0"
"com.sun.org.apache.xerces.internal.impl.xs.traversers.XSDAttributeGroupTraverser.traverseLocal(Element, XSDocumentInfo, SchemaGrammar) XSDAttributeGroupTraverser.java","20","0"
"com.sun.org.apache.xerces.internal.impl.xs.traversers.XSDElementTraverser.traverseGlobal(Element, XSDocumentInfo, SchemaGrammar) XSDElementTraverser.java","20","0"
"com.sun.org.apache.xerces.internal.impl.xs.traversers.XSDElementTraverser.traverseNamedElement(Element, Object[], XSDocumentInfo, SchemaGrammar, boolean, XSObject) XSDElementTraverser.java","20","0"
"com.sun.org.apache.xerces.internal.impl.xs.traversers.XSDHandler.<init>(XSGrammarBucket) XSDHandler.java","20","0"
"com.sun.org.apache.xerces.internal.impl.xs.traversers.XSDHandler.<init>() XSDHandler.java","20","20"
"com.sun.org.apache.xerces.internal.impl.xs.traversers.XSDHandler.createTraversers() XSDHandler.java","20","20"
"com.sun.org.apache.xerces.internal.impl.xs.traversers.XSDHandler.getGlobalDecl(XSDocumentInfo, int, QName, Element) XSDHandler.java","20","0"
"com.sun.org.apache.xerces.internal.impl.xs.traversers.XSDHandler.prepareForTraverse() XSDHandler.java","20","0"
"com.sun.org.apache.xerces.internal.impl.xs.traversers.XSDHandler.traverseGlobalDecl(int, Element, XSDocumentInfo, SchemaGrammar) XSDHandler.java","20","0"
"com.sun.org.apache.xerces.internal.impl.xs.traversers.XSDUniqueOrKeyTraverser.traverse(Element, XSElementDecl, XSDocumentInfo, SchemaGrammar) XSDUniqueOrKeyTraverser.java","20","0"
"com.sun.org.apache.xerces.internal.impl.xs.XMLSchemaLoader.<init>(SymbolTable, XMLErrorReporter, XMLEntityManager, XSGrammarBucket, SubstitutionGroupHandler, CMBuilder) XMLSchemaLoader.java","20","0"
"com.sun.org.apache.xerces.internal.impl.xs.XMLSchemaLoader.reset(XMLComponentManager) XMLSchemaLoader.java","20","0"
"com.sun.org.apache.xerces.internal.impl.xs.XMLSchemaValidator.activateSelectorFor(IdentityConstraint) XMLSchemaValidator.java","20","0"
"com.sun.org.apache.xerces.internal.impl.xs.XMLSchemaValidator.emptyElement(QName, XMLAttributes, Augmentations) XMLSchemaValidator.java","20","0"
"com.sun.org.apache.xerces.internal.impl.xs.XMLSchemaValidator.getEmptyAugs(Augmentations) XMLSchemaValidator.java","20","0"
"com.sun.org.apache.xerces.internal.impl.xs.XMLSchemaValidator.processAttributes(QName, XMLAttributes, XSAttributeGroupDecl) XMLSchemaValidator.java","20","0"
"com.sun.org.apache.xerces.internal.impl.xs.XMLSchemaValidator.processOneAttribute(QName, XMLAttributes, int, XSAttributeDecl, XSAttributeUseImpl, AttributePSVImpl) XMLSchemaValidator.java","20","0"
"com.sun.org.apache.xerces.internal.impl.xs.XMLSchemaValidator$ValueStoreCache.initValueStoresFor(XSElementDecl, FieldActivator) XMLSchemaValidator.java","20","0"
"com.sun.org.apache.xerces.internal.jaxp.SAXParserFactoryImpl.newSAXParser() SAXParserFactoryImpl.java","20","0"
"com.sun.org.apache.xerces.internal.jaxp.SAXParserImpl.<init>(SAXParserFactoryImpl, Map, boolean) SAXParserImpl.java","20","0"
"com.sun.org.apache.xerces.internal.jaxp.SAXParserImpl$JAXPSAXParser.<init>(SAXParserImpl, XMLSecurityPropertyManager, XMLSecurityManager) SAXParserImpl.java","20","0"
"com.sun.org.apache.xerces.internal.parsers.SAXParser.<init>() SAXParser.java","20","0"
"com.sun.org.apache.xerces.internal.parsers.SAXParser.<init>(SymbolTable, XMLGrammarPool) SAXParser.java","20","0"
"com.sun.org.apache.xerces.internal.parsers.XIncludeAwareParserConfiguration.<init>() XIncludeAwareParserConfiguration.java","20","0"
"com.sun.org.apache.xerces.internal.parsers.XIncludeAwareParserConfiguration.<init>(SymbolTable, XMLGrammarPool, XMLComponentManager) XIncludeAwareParserConfiguration.java","20","0"
"com.sun.org.apache.xerces.internal.parsers.XML11Configuration.<init>(SymbolTable, XMLGrammarPool, XMLComponentManager) XML11Configuration.java","20","20"
"com.sun.org.apache.xerces.internal.util.NamespaceSupport.reset() NamespaceSupport.java","20","0"
"com.sun.org.apache.xerces.internal.util.XMLSymbols.<clinit>() XMLSymbols.java","20","20"
"com.sun.org.apache.xerces.internal.utils.ObjectFactory.newInstance(String, ClassLoader, boolean) ObjectFactory.java","20","0"
"com.sun.org.apache.xerces.internal.utils.ObjectFactory.newInstance(String, boolean) ObjectFactory.java","20","0"
"com.sun.org.apache.xerces.internal.utils.XMLSecurityManager.<init>(boolean) XMLSecurityManager.java","20","0"
"com.sun.org.apache.xerces.internal.utils.XMLSecurityManager$Limit.<clinit>() XMLSecurityManager.java","20","20"
"com.sun.proxy.$Proxy5.<clinit>()","20","0"
"eu.prismacloud.primitives.zkpgs.BaseRepresentation.addToChallengeContext(List) BaseRepresentation.java","20","0"
"eu.prismacloud.primitives.zkpgs.graph.GraphRepresentation.encodeEdge(BigInteger, BigInteger, List) GraphRepresentation.java","20","0"
"eu.prismacloud.primitives.zkpgs.graph.GraphRepresentation.encodeVertices() GraphRepresentation.java","20","0"
"eu.prismacloud.primitives.zkpgs.orchestrator.RecipientOrchestrator.createProofSignature() RecipientOrchestrator.java","20","0"
"eu.prismacloud.primitives.zkpgs.orchestrator.RecipientOrchestrator.init() RecipientOrchestrator.java","20","0"
"eu.prismacloud.primitives.zkpgs.orchestrator.SignerOrchestrator.computeQ(SignerOrchestrator$SignatureData) SignerOrchestrator.java","20","0"
"eu.prismacloud.primitives.zkpgs.orchestrator.SignerOrchestrator.verifyRecipientCommitment(GroupElement, BaseCollection) SignerOrchestrator.java","20","0"
"eu.prismacloud.primitives.zkpgs.parameters.GraphEncodingParameters.<init>(int, int, int, int, int) GraphEncodingParameters.java","20","0"
"eu.prismacloud.primitives.zkpgs.store.ProofStore.store(String, Object) ProofStore.java","20","0"
"eu.prismacloud.primitives.zkpgs.store.URN.createURN(String, String) URN.java","20","0"
"eu.prismacloud.primitives.zkpgs.store.URN.parseSuffix(String) URN.java","20","20"
"eu.prismacloud.primitives.zkpgs.store.URNType.getSuffix(URNType) URNType.java","20","20"
"eu.prismacloud.primitives.zkpgs.util.CryptoUtilsFacade.computeHash(List, int) CryptoUtilsFacade.java","20","0"
"eu.prismacloud.primitives.zkpgs.util.GSUtils.computeHash(List, int) GSUtils.java","20","0"
"eu.prismacloud.primitives.zkpgs.verifier.AbstractCommitmentVerifier.computeVerifierWitness(BigInteger) AbstractCommitmentVerifier.java","20","0"
"eu.prismacloud.primitives.zkpgs.verifier.AbstractCommitmentVerifier.executeVerification(BigInteger) AbstractCommitmentVerifier.java","20","0"
"java.io.ObjectInputStream.readHandle(boolean) ObjectInputStream.java","20","0"
"java.io.ObjectInputStream.readString(boolean) ObjectInputStream.java","20","0"
"java.io.ObjectInputStream.resolveClass(ObjectStreamClass) ObjectInputStream.java","20","0"
"java.io.ObjectInputStream$BlockDataInputStream.readInt() ObjectInputStream.java","20","0"
"java.io.ObjectInputStream$BlockDataInputStream.readUTF() ObjectInputStream.java","20","0"
"java.io.ObjectInputStream$BlockDataInputStream.readUTFBody(long) ObjectInputStream.java","20","0"
"java.io.ObjectOutputStream.writeArray(Object, ObjectStreamClass, boolean) ObjectOutputStream.java","20","0"
"java.io.ObjectOutputStream$BlockDataOutputStream.writeBlockHeader(int) ObjectOutputStream.java","20","0"
"java.io.ObjectOutputStream$HandleTable.hash(Object) ObjectOutputStream.java","20","0"
"java.io.ObjectOutputStream$HandleTable.lookup(Object) ObjectOutputStream.java","20","0"
"java.io.ObjectOutputStream$PutFieldImpl.writeFields() ObjectOutputStream.java","20","0"
"java.io.ObjectStreamClass.getInheritableMethod(Class, String, Class[], Class) ObjectStreamClass.java","20","0"
"java.lang.Class.forName(String, boolean, ClassLoader) Class.java","20","0"
"java.lang.Class.getComponentType() Class.java (native)","20","20"
"java.lang.Class.getMethods() Class.java","20","0"
"java.lang.Class.isArray() Class.java (native)","20","20"
"java.lang.Class.privateGetPublicMethods() Class.java","20","0"
"java.lang.ClassLoader.getResource(String) ClassLoader.java","20","0"
"java.lang.invoke.BoundMethodHandle.makeReinvoker(MethodHandle) BoundMethodHandle.java","20","0"
"java.lang.invoke.BoundMethodHandle$Species_L.<init>(MethodType, LambdaForm, Object) BoundMethodHandle.java","20","0"
"java.lang.invoke.BoundMethodHandle$Species_L.make(MethodType, LambdaForm, Object) BoundMethodHandle.java","20","0"
"java.lang.invoke.BoundMethodHandle$SpeciesData.<init>(String, Class) BoundMethodHandle.java","20","0"
"java.lang.invoke.BoundMethodHandle$SpeciesData.extendWith(LambdaForm$BasicType) BoundMethodHandle.java","20","0"
"java.lang.invoke.BoundMethodHandle$SpeciesData.get(String) BoundMethodHandle.java","20","0"
"java.lang.invoke.BoundMethodHandle$SpeciesData$1.apply(String) BoundMethodHandle.java","20","0"
"java.lang.invoke.BoundMethodHandle$SpeciesData$1.apply(Object) BoundMethodHandle.java","20","0"
"java.lang.invoke.CallSite.makeSite(MethodHandle, String, MethodType, Object, Class) CallSite.java","20","0"
"java.lang.invoke.DirectMethodHandle.rebind() DirectMethodHandle.java","20","0"
"java.lang.invoke.DirectMethodHandle.shouldBeInitialized(MemberName) DirectMethodHandle.java","20","0"
"java.lang.invoke.InvokerBytecodeGenerator.classFileEpilogue() InvokerBytecodeGenerator.java","20","0"
"java.lang.invoke.Invokers.checkGenericType(Object, Object) Invokers.java","20","0"
"java.lang.invoke.LambdaForm$MH.1747585824.invoke_MT(Object, Object, Object, Object, Object, Object, Object, Object) LambdaForm$MH","20","0"
"java.lang.invoke.LambdaFormEditor.filterArgumentForm(int, LambdaForm$BasicType) LambdaFormEditor.java","20","0"
"java.lang.invoke.LambdaFormEditor.makeArgumentCombinationForm(int, MethodType, boolean, boolean) LambdaFormEditor.java","20","0"
"java.lang.invoke.LambdaFormEditor.newSpeciesData(LambdaForm$BasicType) LambdaFormEditor.java","20","0"
"java.lang.invoke.MethodHandle.asType(MethodType) MethodHandle.java","20","0"
"java.lang.invoke.MethodHandle.asTypeUncached(MethodType) MethodHandle.java","20","0"
"java.lang.invoke.MethodHandleImpl.makePairwiseConvert(MethodHandle, MethodType, boolean, boolean) MethodHandleImpl.java","20","0"
"java.lang.invoke.MethodHandleImpl.makePairwiseConvert(MethodHandle, MethodType, boolean) MethodHandleImpl.java","20","0"
"java.lang.invoke.MethodHandleImpl.makePairwiseConvertByEditor(MethodHandle, MethodType, boolean, boolean) MethodHandleImpl.java","20","0"
"java.lang.Long.toString(long) Long.java","20","20"
"java.lang.Long.toString(long, int) Long.java","20","0"
"java.lang.Math.ceil(double) Math.java","20","20"
"java.lang.Object.getClass() Object.java (native)","20","20"
"java.lang.reflect.Proxy.getProxyClass0(ClassLoader, Class[]) Proxy.java","20","0"
"java.lang.reflect.Proxy$ProxyClassFactory.apply(ClassLoader, Class[]) Proxy.java","20","0"
"java.lang.reflect.Proxy$ProxyClassFactory.apply(Object, Object) Proxy.java","20","0"
"java.lang.reflect.WeakCache.get(Object, Object) WeakCache.java","20","0"
"java.lang.reflect.WeakCache$Factory.get() WeakCache.java","20","0"
"java.lang.String.valueOf(Object) String.java","20","0"
"java.lang.System.identityHashCode(Object) System.java (native)","20","20"
"java.math.BigInteger.<init>(int, int[]) BigInteger.java","20","0"
"java.math.BigInteger.implMontgomeryMultiplyChecks(int[], int[], int[], int, int[]) BigInteger.java","20","20"
"java.math.BigInteger.mod(BigInteger) BigInteger.java","20","0"
"java.math.BigInteger.montReduce(int[], int[], int, int) BigInteger.java","20","0"
"java.math.BigInteger.multiply(BigInteger) BigInteger.java","20","0"
"java.math.BigInteger.multiply(BigInteger, boolean) BigInteger.java","20","0"
"java.math.BigInteger.multiplyByInt(int[], int, int) BigInteger.java","20","20"
"java.math.BigInteger.nextProbablePrime() BigInteger.java","20","0"
"java.math.BigInteger.remainder(BigInteger) BigInteger.java","20","0"
"java.math.BigInteger.remainderKnuth(BigInteger) BigInteger.java","20","0"
"java.math.BigInteger.smallToString(int) BigInteger.java","20","0"
"java.math.BigInteger.square() BigInteger.java","20","0"
"java.math.BigInteger.square(boolean) BigInteger.java","20","0"
"java.math.BigInteger.stripLeadingZeroInts(int[]) BigInteger.java","20","0"
"java.math.BigInteger.toString() BigInteger.java","20","0"
"java.math.BigInteger.toString(int) BigInteger.java","20","0"
"java.math.MutableBigInteger.divideKnuth(MutableBigInteger, MutableBigInteger) MutableBigInteger.java","20","0"
"java.math.MutableBigInteger.divideKnuth(MutableBigInteger, MutableBigInteger, boolean) MutableBigInteger.java","20","20"
"java.net.URLClassLoader.findResource(String) URLClassLoader.java","20","0"
"java.net.URLClassLoader.getResourceAsStream(String) URLClassLoader.java","20","0"
"java.security.AccessController.doPrivileged(PrivilegedAction, AccessControlContext) AccessController.java (native)","20","20"
"java.security.MessageDigest.update(byte[]) MessageDigest.java","20","0"
"java.security.MessageDigest$Delegate.engineUpdate(byte[], int, int) MessageDigest.java","20","0"
"java.security.SecureRandom.nextBytes(byte[]) SecureRandom.java","20","0"
"java.util.Arrays.copyOfRange(int[], int, int) Arrays.java","20","20"
"java.util.concurrent.ConcurrentHashMap.computeIfAbsent(Object, Function) ConcurrentHashMap.java","20","0"
"java.util.zip.Inflater.reset(long) Inflater.java (native)","20","20"
"java.util.zip.Inflater.reset() Inflater.java","20","0"
"java.util.zip.ZipFile.releaseInflater(Inflater) ZipFile.java","20","0"
"java.util.zip.ZipFile$ZipFileInflaterInputStream.close() ZipFile.java","20","0"
"jdk.internal.org.objectweb.asm.MethodWriter.startFrame(int, int, int) MethodWriter.java","20","20"
"jdk.internal.org.objectweb.asm.MethodWriter.visitFrame(Frame) MethodWriter.java","20","0"
"jdk.internal.org.objectweb.asm.MethodWriter.visitMaxs(int, int) MethodWriter.java","20","0"
"org.jgrapht.graph.AbstractBaseGraph.<init>(Supplier, Supplier, GraphType) AbstractBaseGraph.java","20","0"
"org.jgrapht.graph.AbstractBaseGraph.addEdge(Object, Object, Object) AbstractBaseGraph.java","20","0"
"org.jgrapht.graph.AbstractBaseGraph.addVertex(Object) AbstractBaseGraph.java","20","0"
"org.jgrapht.graph.AbstractBaseGraph.containsVertex(Object) AbstractBaseGraph.java","20","20"
"org.jgrapht.graph.AbstractBaseGraph.createIntrusiveEdgesSpecifics(boolean) AbstractBaseGraph.java","20","0"
"org.jgrapht.graph.AbstractBaseGraph.getEdgeSource(Object) AbstractBaseGraph.java","20","0"
"org.jgrapht.graph.BaseIntrusiveEdgesSpecifics.getEdgeSource(Object) BaseIntrusiveEdgesSpecifics.java","20","0"
"org.jgrapht.graph.DefaultUndirectedGraph.<init>(Class) DefaultUndirectedGraph.java","20","0"
"org.jgrapht.graph.DefaultUndirectedGraph.<init>(Supplier, Supplier, boolean) DefaultUndirectedGraph.java","20","0"
"org.jgrapht.graph.specifics.FastLookupUndirectedSpecifics.addEdgeToTouchingVertices(Object) FastLookupUndirectedSpecifics.java","20","0"
"org.openjdk.jmh.infra.IterationParams.<clinit>() IterationParams.java","20","20"
"org.openjdk.jmh.profile.ProfilerFactory.<clinit>() ProfilerFactory.java","20","0"
"org.openjdk.jmh.runner.BenchmarkHandler.distributeThreads(int, int[]) BenchmarkHandler.java","20","0"
"org.openjdk.jmh.util.ClassUtils.loadClass(String) ClassUtils.java","20","0"
"sun.misc.ProxyGenerator.generateClassFile() ProxyGenerator.java","20","0"
"sun.misc.ProxyGenerator.generateProxyClass(String, Class[], int) ProxyGenerator.java","20","0"
"sun.misc.Resource.cachedInputStream() Resource.java","20","0"
"sun.misc.Resource.getByteBuffer() Resource.java","20","0"
"sun.misc.Resource.getBytes() Resource.java","20","0"
"sun.misc.Unsafe.ensureClassInitialized(Class) Unsafe.java (native)","20","20"
"sun.misc.URLClassPath$JarLoader$2.getInputStream() URLClassPath.java","20","20"
"sun.reflect.ClassFileAssembler.emitConstantPoolNameAndType(short, short) ClassFileAssembler.java","20","20"
"sun.reflect.GeneratedMethodAccessor5.invoke(Object, Object[])","20","0"
"sun.security.provider.DigestBase.engineUpdate(byte[], int, int) DigestBase.java","20","0"
"sun.security.provider.DigestBase.implCompressMultiBlock(byte[], int, int) DigestBase.java","20","0"
"sun.security.provider.NativePRNG.engineNextBytes(byte[]) NativePRNG.java","20","0"
"sun.security.provider.NativePRNG$RandomIO.implNextBytes(byte[]) NativePRNG.java","20","0"
"sun.security.provider.SecureRandom.engineNextBytes(byte[]) SecureRandom.java","20","20"
"sun.security.provider.SHA2.implCompress(byte[], int) SHA2.java","20","20"
"java.lang.invoke.BoundMethodHandle.<clinit>() BoundMethodHandle.java","16","0"
"java.lang.invoke.BoundMethodHandle$SpeciesData.<clinit>() BoundMethodHandle.java","16","0"
"java.lang.invoke.BoundMethodHandle$SpeciesData.initForBootstrap() BoundMethodHandle.java","16","0"
"java.lang.invoke.LambdaForm.methodType() LambdaForm.java","16","0"
"java.lang.invoke.LambdaForm.signatureType(String) LambdaForm.java","16","0"
"java.lang.invoke.MethodType.fromMethodDescriptorString(String, ClassLoader) MethodType.java","16","0"
"java.lang.invoke.MethodType.hashCode() MethodType.java","16","0"
"java.lang.invoke.MethodType.methodType(Class, Class[]) MethodType.java","16","0"
"java.lang.invoke.MethodType$ConcurrentWeakInternSet.add(Object) MethodType.java","16","0"
"java.lang.invoke.MethodType$ConcurrentWeakInternSet.get(Object) MethodType.java","16","0"
"java.lang.invoke.MethodType$ConcurrentWeakInternSet$WeakEntry.<init>(Object) MethodType.java","16","0"
"java.lang.invoke.MethodTypeForm.canonicalize(MethodType, int, int) MethodTypeForm.java","16","0"
"java.lang.invoke.MethodTypeForm.findForm(MethodType) MethodTypeForm.java","16","0"
"java.lang.invoke.SimpleMethodHandle.<init>(MethodType, LambdaForm) SimpleMethodHandle.java","16","0"
"java.lang.invoke.SimpleMethodHandle.make(MethodType, LambdaForm) SimpleMethodHandle.java","16","0"
"java.lang.Object.hashCode() Object.java (native)","16","16"
"java.net.ProxySelector.<clinit>() ProxySelector.java","16","0"
"java.net.Socket.<init>(SocketAddress, SocketAddress, boolean) Socket.java","16","0"
"java.net.Socket.<init>(String, int) Socket.java","16","0"
"java.net.Socket.connect(SocketAddress) Socket.java","16","0"
"java.net.Socket.connect(SocketAddress, int) Socket.java","16","0"
"java.net.SocksSocketImpl.connect(SocketAddress, int) SocksSocketImpl.java","16","0"
"java.net.SocksSocketImpl$3.run() SocksSocketImpl.java","16","0"
"java.net.SocksSocketImpl$3.run() SocksSocketImpl.java","16","0"
"java.util.concurrent.ConcurrentHashMap.casTabAt(ConcurrentHashMap$Node[], int, ConcurrentHashMap$Node, ConcurrentHashMap$Node) ConcurrentHashMap.java","16","0"
"java.util.concurrent.ConcurrentHashMap.putIfAbsent(Object, Object) ConcurrentHashMap.java","16","0"
"java.util.concurrent.ConcurrentHashMap.putVal(Object, Object, boolean) ConcurrentHashMap.java","16","0"
"java.util.jar.Attributes.putValue(String, String) Attributes.java","16","0"
"java.util.jar.Attributes.read(Manifest$FastInputStream, byte[]) Attributes.java","16","0"
"java.util.jar.Attributes$Name.<clinit>() Attributes.java","16","0"
"java.util.jar.Attributes$Name.<init>(String) Attributes.java","16","0"
"java.util.jar.Attributes$Name.isValid(String) Attributes.java","16","16"
"java.util.jar.JarFile.getManifest() JarFile.java","16","0"
"java.util.jar.JarFile.getManifestFromReference() JarFile.java","16","0"
"java.util.jar.Manifest.<init>(JarVerifier, InputStream) Manifest.java","16","0"
"java.util.jar.Manifest.<init>(InputStream) Manifest.java","16","0"
"java.util.jar.Manifest.read(InputStream) Manifest.java","16","0"
"java.util.Properties.load(InputStream) Properties.java","16","0"
"java.util.Properties.load0(Properties$LineReader) Properties.java","16","0"
"java.util.Properties$LineReader.readLine() Properties.java","16","16"
"sun.launcher.LauncherHelper.checkAndLoadMain(boolean, int, String) LauncherHelper.java","16","0"
"sun.misc.URLClassPath$JarLoader$2.getManifest() URLClassPath.java","16","0"
"sun.net.NetProperties.<clinit>() NetProperties.java","16","0"
"sun.net.NetProperties.loadDefaultProperties() NetProperties.java","16","0"
"sun.net.NetProperties$1.run() NetProperties.java","16","0"
"sun.net.NetProperties$1.run() NetProperties.java","16","0"
"sun.net.spi.DefaultProxySelector.<clinit>() DefaultProxySelector.java","16","0"
"sun.net.spi.DefaultProxySelector$1.run() DefaultProxySelector.java","16","0"
"sun.net.spi.DefaultProxySelector$1.run() DefaultProxySelector.java","16","0"
"java.lang.invoke.MethodHandleNatives.findMethodHandleType(Class, Class[]) MethodHandleNatives.java","12","0"
"java.lang.invoke.MethodType.<clinit>() MethodType.java","12","0"
"java.lang.Class.isPrimitive() Class.java (native)","8","8"
