"Method","Time (ms)","Own Time (ms)"
"java.lang.reflect.Method.invoke(Object, Object[]) Method.java","2068","0"
"sun.reflect.DelegatingMethodAccessorImpl.invoke(Object, Object[]) DelegatingMethodAccessorImpl.java","2068","0"
"sun.reflect.NativeMethodAccessorImpl.invoke(Object, Object[]) NativeMethodAccessorImpl.java","2068","0"
"sun.reflect.NativeMethodAccessorImpl.invoke0(Method, Object, Object[]) NativeMethodAccessorImpl.java (native)","2068","0"
"eu.prismacloud.primitives.grs.bench.generated.ProvingBenchmark_ProvingVerifyingBenchmark_compute_jmhTest.compute_SingleShotTime(InfraControl, ThreadParams) ProvingBenchmark_ProvingVerifyingBenchmark_compute_jmhTest.java","2008","0"
"eu.prismacloud.primitives.grs.bench.generated.ProvingBenchmark_ProvingVerifyingBenchmark_compute_jmhTest.compute_ss_jmhStub(InfraControl, RawResults, BenchmarkParams, IterationParams, ThreadParams, Blackhole, Control, int, int, ProvingBenchmark_ProvingVerifyingBenchmark_jmhType) ProvingBenchmark_ProvingVerifyingBenchmark_compute_jmhTest.java","2008","0"
"java.lang.Thread.run() Thread.java","2008","0"
"java.util.concurrent.Executors$RunnableAdapter.call() Executors.java","2008","0"
"java.util.concurrent.FutureTask.run() FutureTask.java","2008","0"
"java.util.concurrent.ThreadPoolExecutor.runWorker(ThreadPoolExecutor$Worker) ThreadPoolExecutor.java","2008","0"
"java.util.concurrent.ThreadPoolExecutor$Worker.run() ThreadPoolExecutor.java","2008","0"
"org.openjdk.jmh.runner.BenchmarkHandler$BenchmarkTask.call() BenchmarkHandler.java","2008","0"
"org.openjdk.jmh.runner.BenchmarkHandler$BenchmarkTask.call() BenchmarkHandler.java","2008","0"
"eu.prismacloud.primitives.grs.bench.GSBenchmark.setup() GSBenchmark.java","1252","0"
"eu.prismacloud.primitives.grs.bench.ProvingBenchmark$ProvingVerifyingBenchmark.setup() ProvingBenchmark.java","1252","0"
"eu.prismacloud.primitives.grs.bench.GSBenchmark.setupIssuing(String) GSBenchmark.java","1052","0"
"eu.prismacloud.primitives.grs.bench.ProvingBenchmark$ProvingVerifyingBenchmark.compute(ProvingBenchmark$ProvingVerifyingBenchmark) ProvingBenchmark.java","756","0"
"java.math.BigInteger.modPow(BigInteger, BigInteger) BigInteger.java","708","0"
"eu.prismacloud.primitives.zkpgs.util.crypto.QRElement.modPow(BigInteger) QRElement.java","668","0"
"eu.prismacloud.primitives.zkpgs.util.crypto.QRElement.modPow(BigInteger) QRElement.java","668","0"
"java.math.BigInteger.oddModPow(BigInteger, BigInteger) BigInteger.java","668","584"
"eu.prismacloud.primitives.zkpgs.orchestrator.SignerOrchestrator.round2() SignerOrchestrator.java","516","0"
"eu.prismacloud.primitives.zkpgs.orchestrator.SignerOrchestrator.encodeSignerGraph() SignerOrchestrator.java","344","0"
"eu.prismacloud.primitives.zkpgs.graph.GSGraph.createGraph(String) GSGraph.java","304","0"
"eu.prismacloud.primitives.zkpgs.orchestrator.ProverOrchestrator.executePreChallengePhase() ProverOrchestrator.java","304","0"
"java.io.ObjectInputStream.readObject() ObjectInputStream.java","304","0"
"java.io.ObjectInputStream.readObject0(boolean) ObjectInputStream.java","304","0"
"java.io.ObjectInputStream.readOrdinaryObject(boolean) ObjectInputStream.java","304","0"
"org.openjdk.jmh.runner.ForkedMain.main(String[]) ForkedMain.java","304","0"
"java.io.ObjectInputStream.defaultReadFields(Object, ObjectStreamClass) ObjectInputStream.java","284","0"
"java.io.ObjectInputStream.readSerialData(Object, ObjectStreamClass) ObjectInputStream.java","284","0"
"java.lang.ClassLoader.loadClass(String, boolean) ClassLoader.java","284","60"
"java.lang.ClassLoader.loadClass(String) ClassLoader.java","284","0"
"sun.misc.Launcher$AppClassLoader.loadClass(String, boolean) Launcher.java","284","0"
"eu.prismacloud.primitives.zkpgs.orchestrator.VerifierOrchestrator.executeVerification() VerifierOrchestrator.java","280","0"
"eu.prismacloud.primitives.zkpgs.orchestrator.VerifierOrchestrator.executeVerification(BigInteger) VerifierOrchestrator.java","280","0"
"org.jgrapht.io.GraphImporter.importGraph(Graph, InputStream) GraphImporter.java","264","0"
"org.jgrapht.io.GraphMLImporter.importGraph(Graph, Reader) GraphMLImporter.java","264","0"
"java.security.AccessController.doPrivileged(PrivilegedExceptionAction, AccessControlContext) AccessController.java (native)","244","20"
"java.net.URLClassLoader.defineClass(String, Resource) URLClassLoader.java","220","0"
"java.net.URLClassLoader.findClass(String) URLClassLoader.java","220","0"
"java.net.URLClassLoader$1.run() URLClassLoader.java","220","0"
"java.net.URLClassLoader$1.run() URLClassLoader.java","220","0"
"eu.prismacloud.primitives.zkpgs.store.URN.<init>(NamespaceComponent, NamespaceComponent, boolean) URN.java","208","0"
"eu.prismacloud.primitives.zkpgs.store.URNType.parseURNSuffix(String) URNType.java","208","20"
"eu.prismacloud.primitives.zkpgs.store.URNType.parseURNType(String) URNType.java","208","0"
"eu.prismacloud.primitives.zkpgs.util.FilePersistenceUtil.read(String) FilePersistenceUtil.java","204","0"
"java.io.ObjectInputStream.readClassDesc(boolean) ObjectInputStream.java","204","0"
"java.io.ObjectStreamClass.invokeReadObject(Object, ObjectInputStream) ObjectStreamClass.java","204","0"
"org.jgrapht.io.GraphMLImporter.createXMLReader() GraphMLImporter.java","204","0"
"java.io.ObjectOutputStream.defaultWriteFields(Object, ObjectStreamClass) ObjectOutputStream.java","200","0"
"java.io.ObjectOutputStream.writeObject(Object) ObjectOutputStream.java","200","0"
"java.io.ObjectOutputStream.writeObject0(Object, boolean) ObjectOutputStream.java","200","0"
"java.io.ObjectOutputStream.writeOrdinaryObject(Object, ObjectStreamClass, boolean) ObjectOutputStream.java","200","0"
"java.io.ObjectOutputStream.writeSerialData(Object, ObjectStreamClass) ObjectOutputStream.java","200","0"
"java.security.AccessController.doPrivileged(PrivilegedAction) AccessController.java (native)","188","0"
"eu.prismacloud.primitives.zkpgs.orchestrator.ProverOrchestrator.computeCommitmentProvers() ProverOrchestrator.java","184","0"
"eu.prismacloud.primitives.zkpgs.prover.AbstractCommitmentProver.executePreChallengePhase() AbstractCommitmentProver.java","184","0"
"java.io.ObjectInputStream.readNonProxyDesc(boolean) ObjectInputStream.java","184","0"
"eu.prismacloud.primitives.zkpgs.util.FilePersistenceUtil.write(Object, String) FilePersistenceUtil.java","176","0"
"java.io.ObjectStreamClass.<init>(Class) ObjectStreamClass.java","168","0"
"java.io.ObjectStreamClass.lookup(Class, boolean) ObjectStreamClass.java","168","0"
"java.io.ObjectStreamClass$3.run() ObjectStreamClass.java","168","0"
"java.io.ObjectStreamClass$3.run() ObjectStreamClass.java","168","0"
"eu.prismacloud.primitives.zkpgs.orchestrator.VerifierOrchestrator.computeCommitmentVerifiers() VerifierOrchestrator.java","164","0"
"eu.prismacloud.primitives.zkpgs.verifier.AbstractCommitmentVerifier.executeVerification(BigInteger) AbstractCommitmentVerifier.java","164","0"
"java.lang.ClassLoader.defineClass(String, byte[], int, int, ProtectionDomain) ClassLoader.java","160","0"
"java.lang.ClassLoader.defineClass1(String, byte[], int, int, ProtectionDomain, String) ClassLoader.java (native)","160","100"
"java.security.SecureClassLoader.defineClass(String, byte[], int, int, CodeSource) SecureClassLoader.java","160","0"
"java.lang.String.matches(String) String.java","152","0"
"java.util.regex.Pattern.matches(String, CharSequence) Pattern.java","152","0"
"com.sun.org.apache.xerces.internal.impl.xs.XMLSchemaLoader.loadGrammar(XMLInputSource) XMLSchemaLoader.java","144","0"
"com.sun.org.apache.xerces.internal.impl.xs.XMLSchemaLoader.loadGrammar(XMLInputSource[]) XMLSchemaLoader.java","144","0"
"com.sun.org.apache.xerces.internal.jaxp.validation.XMLSchemaFactory.newSchema(Source[]) XMLSchemaFactory.java","144","0"
"eu.prismacloud.primitives.zkpgs.verifier.AbstractCommitmentVerifier.computeVerifierWitness(BigInteger) AbstractCommitmentVerifier.java","144","0"
"java.util.HashMap.readObject(ObjectInputStream) HashMap.java","144","0"
"eu.prismacloud.primitives.zkpgs.orchestrator.ProverOrchestrator.init() ProverOrchestrator.java","140","0"
"eu.prismacloud.primitives.zkpgs.prover.GSProver.computeCommitments(BaseIterator) GSProver.java","140","0"
"org.openjdk.jmh.runner.ForkedRunner.run() ForkedRunner.java","128","0"
"java.io.ObjectStreamClass.initNonProxy(ObjectStreamClass, Class, ClassNotFoundException, ObjectStreamClass) ObjectStreamClass.java","124","0"
"eu.prismacloud.primitives.zkpgs.orchestrator.ProverOrchestrator.computeTildeZ() ProverOrchestrator.java","120","0"
"eu.prismacloud.primitives.zkpgs.orchestrator.SignerOrchestrator.createPartialSignature(SignerOrchestrator$SignatureData, ExtendedPublicKey) SignerOrchestrator.java","120","0"
"eu.prismacloud.primitives.zkpgs.prover.AbstractCommitmentProver.computeWitness() AbstractCommitmentProver.java","120","0"
"eu.prismacloud.primitives.zkpgs.orchestrator.RecipientOrchestrator.serializeFinalSignature(String) RecipientOrchestrator.java","116","0"
"eu.prismacloud.primitives.zkpgs.verifier.PossessionVerifier.executeCompoundVerification(BigInteger) PossessionVerifier.java","116","0"
"eu.prismacloud.primitives.zkpgs.verifier.PossessionVerifier.executeVerification(BigInteger) PossessionVerifier.java","116","20"
"java.io.ObjectStreamClass.invokeWriteObject(Object, ObjectOutputStream) ObjectStreamClass.java","116","0"
"org.openjdk.jmh.runner.link.BinaryLinkClient.<init>(String, int) BinaryLinkClient.java","116","0"
"eu.prismacloud.primitives.zkpgs.store.URN.createURN(String, String) URN.java","112","0"
"com.sun.org.apache.xerces.internal.impl.xs.traversers.XSDHandler.parseSchema(XMLInputSource, XSDDescription, Map) XSDHandler.java","104","0"
"com.sun.org.apache.xerces.internal.impl.xs.XMLSchemaLoader.loadSchema(XSDDescription, XMLInputSource, Map) XMLSchemaLoader.java","104","0"
"eu.prismacloud.primitives.zkpgs.orchestrator.RecipientOrchestrator.round3() RecipientOrchestrator.java","100","20"
"eu.prismacloud.primitives.zkpgs.prover.PossessionProver.computetildeZ() PossessionProver.java","100","0"
"eu.prismacloud.primitives.zkpgs.prover.PossessionProver.executeCompoundPreChallengePhase() PossessionProver.java","100","0"
"eu.prismacloud.primitives.zkpgs.prover.PossessionProver.executePreChallengePhase() PossessionProver.java","100","0"
"java.util.HashMap.internalWriteEntries(ObjectOutputStream) HashMap.java","100","0"
"java.util.HashMap.writeObject(ObjectOutputStream) HashMap.java","100","0"
"org.openjdk.jmh.runner.link.BinaryLinkClient.readFrame() BinaryLinkClient.java","100","0"
"eu.prismacloud.primitives.zkpgs.orchestrator.RecipientOrchestrator.round1() RecipientOrchestrator.java","96","0"
"eu.prismacloud.primitives.zkpgs.store.ProofStore.store(String, Object) ProofStore.java","96","0"
"eu.prismacloud.primitives.zkpgs.store.URN.createZkpgsURN(String) URN.java","96","0"
"java.io.FileOutputStream.write(byte[], int, int) FileOutputStream.java","96","0"
"java.io.FileOutputStream.writeBytes(byte[], int, int, boolean) FileOutputStream.java (native)","96","96"
"java.io.ObjectOutputStream$BlockDataOutputStream.drain() ObjectOutputStream.java","96","0"
"java.math.BigInteger.isProbablePrime(int) BigInteger.java","96","0"
"java.math.BigInteger.primeToCertainty(int, Random) BigInteger.java","96","0"
"eu.prismacloud.primitives.zkpgs.orchestrator.ProverOrchestrator.executePostChallengePhase(BigInteger) ProverOrchestrator.java","92","0"
"org.openjdk.jmh.runner.BaseRunner.doSingle(BenchmarkParams, ActionMode, IterationResultAcceptor) BaseRunner.java","88","0"
"org.openjdk.jmh.runner.BaseRunner.runBenchmark(BenchmarkParams, IterationResultAcceptor) BaseRunner.java","88","0"
"org.openjdk.jmh.runner.BaseRunner.runBenchmarksForked(ActionPlan, IterationResultAcceptor) BaseRunner.java","88","0"
"eu.prismacloud.primitives.zkpgs.orchestrator.SignerOrchestrator$SignatureData.computeRandomPrimeE() SignerOrchestrator.java","80","0"
"eu.prismacloud.primitives.zkpgs.util.CryptoUtilsFacade.computePrimeInRange(BigInteger, BigInteger) CryptoUtilsFacade.java","80","0"
"eu.prismacloud.primitives.zkpgs.util.GSUtils.generatePrimeInRange(BigInteger, BigInteger) GSUtils.java","80","0"
"eu.prismacloud.primitives.zkpgs.util.GSUtils.generatePrimeWithPositiveMin(BigInteger, BigInteger) GSUtils.java","80","0"
"java.io.FileInputStream.read() FileInputStream.java","80","0"
"java.io.FileInputStream.read0() FileInputStream.java (native)","80","80"
"java.io.ObjectInputStream$BlockDataInputStream.peek() ObjectInputStream.java","80","0"
"java.io.ObjectInputStream$BlockDataInputStream.peekByte() ObjectInputStream.java","80","0"
"java.io.ObjectInputStream$PeekInputStream.peek() ObjectInputStream.java","80","0"
"java.io.ObjectStreamClass.getSerializableConstructor(Class) ObjectStreamClass.java","80","0"
"java.lang.reflect.Constructor.newInstance(Object[]) Constructor.java","80","0"
"sun.reflect.MethodAccessorGenerator.generate(Class, String, Class[], Class, Class[], int, boolean, boolean, Class) MethodAccessorGenerator.java","80","0"
"sun.reflect.MethodAccessorGenerator.generateSerializationConstructor(Class, Class[], Class[], int, Class) MethodAccessorGenerator.java","80","0"
"sun.reflect.ReflectionFactory.generateConstructor(Class, Constructor) ReflectionFactory.java","80","0"
"sun.reflect.ReflectionFactory.newConstructorForSerialization(Class, Constructor) ReflectionFactory.java","80","0"
"java.io.ObjectInputStream.<clinit>() ObjectInputStream.java","76","0"
"java.util.regex.Pattern.<init>(String, int) Pattern.java","76","16"
"java.util.regex.Pattern.compile(String) Pattern.java","76","0"
"com.sun.org.apache.xerces.internal.impl.dv.xs.XSSimpleTypeDecl.getActualValue(Object, ValidationContext, ValidatedInfo, boolean) XSSimpleTypeDecl.java","64","0"
"eu.prismacloud.primitives.zkpgs.prover.AbstractCommitmentProver.computeWitnessRandomness() AbstractCommitmentProver.java","64","0"
"java.io.ObjectStreamClass.getDeclaredSUID(Class) ObjectStreamClass.java","64","0"
"java.lang.Class.getDeclaredField(String) Class.java","64","0"
"org.openjdk.jmh.runner.BenchmarkHandler.<init>(OutputFormat, Options, BenchmarkParams) BenchmarkHandler.java","64","0"
"com.sun.org.apache.xerces.internal.impl.XMLDocumentFragmentScannerImpl.scanDocument(boolean) XMLDocumentFragmentScannerImpl.java","60","0"
"com.sun.org.apache.xerces.internal.impl.XMLDocumentFragmentScannerImpl$FragmentContentDriver.next() XMLDocumentFragmentScannerImpl.java","60","0"
"com.sun.org.apache.xerces.internal.impl.XMLDocumentScannerImpl.next() XMLDocumentScannerImpl.java","60","0"
"com.sun.org.apache.xerces.internal.impl.XMLNSDocumentScannerImpl.next() XMLNSDocumentScannerImpl.java","60","0"
"eu.prismacloud.primitives.zkpgs.commitment.GSCommitment.createCommitment(BigInteger, ExtendedPublicKey) GSCommitment.java","60","0"
"eu.prismacloud.primitives.zkpgs.orchestrator.ProverOrchestrator.readSignature(String) ProverOrchestrator.java","60","0"
"eu.prismacloud.primitives.zkpgs.store.URNType.buildURN(URNType, Class, int) URNType.java","60","0"
"eu.prismacloud.primitives.zkpgs.util.GSUtils.isPrime(BigInteger) GSUtils.java","60","0"
"java.io.FileInputStream.read(byte[], int, int) FileInputStream.java","60","0"
"java.io.FileInputStream.readBytes(byte[], int, int) FileInputStream.java (native)","60","60"
"java.io.ObjectInputStream$PeekInputStream.read(byte[], int, int) ObjectInputStream.java","60","0"
"java.io.ObjectOutputStream$BlockDataOutputStream.write(byte[], int, int, boolean) ObjectOutputStream.java","60","0"
"java.lang.Class.forName0(String, boolean, ClassLoader, Class) Class.java (native)","60","0"
"java.lang.Class.newInstance() Class.java","60","0"
"java.util.ArrayList.readObject(ObjectInputStream) ArrayList.java","60","0"
"java.util.regex.Pattern.compile() Pattern.java","60","20"
"org.openjdk.jmh.runner.link.BinaryLinkClient.handshake() BinaryLinkClient.java","60","0"
"sun.reflect.DelegatingConstructorAccessorImpl.newInstance(Object[]) DelegatingConstructorAccessorImpl.java","60","0"
"sun.reflect.MethodAccessorGenerator$1.run() MethodAccessorGenerator.java","60","0"
"sun.reflect.MethodAccessorGenerator$1.run() MethodAccessorGenerator.java","60","0"
"sun.reflect.NativeConstructorAccessorImpl.newInstance(Object[]) NativeConstructorAccessorImpl.java","60","0"
"sun.reflect.NativeConstructorAccessorImpl.newInstance0(Constructor, Object[]) NativeConstructorAccessorImpl.java (native)","60","0"
"eu.prismacloud.primitives.zkpgs.orchestrator.RecipientOrchestrator.computeChallenge() RecipientOrchestrator.java","56","0"
"java.lang.invoke.MethodHandleNatives.linkCallSite(Object, Object, Object, Object, Object, Object[]) MethodHandleNatives.java","56","0"
"java.lang.invoke.MethodHandleNatives.linkCallSiteImpl(Class, MethodHandle, String, MethodType, Object, Object[]) MethodHandleNatives.java","56","0"
"java.lang.invoke.MethodHandles$Lookup.getDirectMethodCommon(byte, Class, MemberName, boolean, boolean, Class) MethodHandles.java","56","0"
"java.math.BigInteger.lucasLehmerSequence(int, BigInteger, BigInteger) BigInteger.java","56","36"
"java.math.BigInteger.passesLucasLehmer() BigInteger.java","56","0"
"eu.prismacloud.primitives.zkpgs.context.GSContext.addToChallengeContext(List) GSContext.java","52","0"
"eu.prismacloud.primitives.zkpgs.context.GSContext.computeChallengeContext() GSContext.java","52","0"
"eu.prismacloud.primitives.zkpgs.keys.ExtendedPublicKey.addToChallengeContext(List) ExtendedPublicKey.java","52","20"
"java.lang.String.valueOf(Object) String.java","52","0"
"com.sun.org.apache.xerces.internal.impl.dv.xs.XSSimpleTypeDecl.validate(String, ValidationContext, ValidatedInfo) XSSimpleTypeDecl.java","44","0"
"com.sun.org.apache.xerces.internal.impl.xs.traversers.XSAttributeChecker.checkAttributes(Element, boolean, XSDocumentInfo) XSAttributeChecker.java","44","0"
"com.sun.org.apache.xerces.internal.impl.xs.traversers.XSAttributeChecker.checkAttributes(Element, boolean, XSDocumentInfo, boolean) XSAttributeChecker.java","44","0"
"com.sun.org.apache.xerces.internal.impl.xs.traversers.XSDAbstractTraverser.traverseAnnotationDecl(Element, Object[], boolean, XSDocumentInfo) XSDAbstractTraverser.java","44","0"
"com.sun.org.apache.xerces.internal.impl.xs.traversers.XSDHandler.traverseSchemas(ArrayList) XSDHandler.java","44","0"
"java.lang.Class.getDeclaredFields0(boolean) Class.java (native)","44","0"
"java.lang.Class.privateGetDeclaredFields(boolean) Class.java","44","0"
"java.lang.ClassLoader.findBootstrapClass(String) ClassLoader.java (native)","44","44"
"java.lang.ClassLoader.findBootstrapClassOrNull(String) ClassLoader.java","44","0"
"java.math.BigInteger.<init>(int, Random) BigInteger.java","44","0"
"java.math.BigInteger.implMontgomeryMultiply(int[], int[], int[], int, long, int[]) BigInteger.java","44","0"
"java.math.BigInteger.montgomeryMultiply(int[], int[], int[], int, long, int[]) BigInteger.java","44","0"
"java.math.BigInteger.montReduce(int[], int[], int, int) BigInteger.java","44","0"
"java.math.BigInteger.mulAdd(int[], int[], int, int, int) BigInteger.java","44","44"
"java.math.BigInteger.randomBits(int, Random) BigInteger.java","44","0"
"java.security.SecureRandom.nextBytes(byte[]) SecureRandom.java","44","0"
"sun.security.provider.NativePRNG.engineNextBytes(byte[]) NativePRNG.java","44","0"
"sun.security.provider.NativePRNG$RandomIO.implNextBytes(byte[]) NativePRNG.java","44","24"
"com.sun.org.apache.xerces.internal.impl.dv.SchemaDVFactory.getInstance() SchemaDVFactory.java","40","0"
"com.sun.org.apache.xerces.internal.impl.dv.SchemaDVFactory.getInstance(String) SchemaDVFactory.java","40","0"
"com.sun.org.apache.xerces.internal.impl.XMLNSDocumentScannerImpl.scanStartElement() XMLNSDocumentScannerImpl.java","40","0"
"com.sun.org.apache.xerces.internal.impl.xs.opti.SchemaDOMParser.parse(XMLInputSource) SchemaDOMParser.java","40","0"
"com.sun.org.apache.xerces.internal.impl.xs.opti.SchemaParsingConfig.parse(boolean) SchemaParsingConfig.java","40","0"
"com.sun.org.apache.xerces.internal.impl.xs.opti.SchemaParsingConfig.parse(XMLInputSource) SchemaParsingConfig.java","40","0"
"com.sun.org.apache.xerces.internal.impl.xs.traversers.XSDHandler.getSchemaDocument(String, XMLInputSource, boolean, short, Element) XSDHandler.java","40","0"
"com.sun.org.apache.xerces.internal.impl.xs.XMLSchemaLoader.<init>() XMLSchemaLoader.java","40","0"
"com.sun.org.apache.xerces.internal.impl.xs.XMLSchemaLoader.reset(XMLComponentManager) XMLSchemaLoader.java","40","0"
"com.sun.org.apache.xerces.internal.jaxp.SAXParserImpl$JAXPSAXParser.parse(InputSource) SAXParserImpl.java","40","0"
"com.sun.org.apache.xerces.internal.jaxp.validation.XMLSchemaFactory.<init>() XMLSchemaFactory.java","40","0"
"com.sun.org.apache.xerces.internal.parsers.AbstractSAXParser.parse(InputSource) AbstractSAXParser.java","40","0"
"com.sun.org.apache.xerces.internal.parsers.XML11Configuration.parse(boolean) XML11Configuration.java","40","0"
"com.sun.org.apache.xerces.internal.parsers.XML11Configuration.parse(XMLInputSource) XML11Configuration.java","40","0"
"com.sun.org.apache.xerces.internal.parsers.XMLParser.parse(XMLInputSource) XMLParser.java","40","0"
"com.sun.org.apache.xerces.internal.utils.ObjectFactory.newInstance(String, boolean) ObjectFactory.java","40","0"
"eu.prismacloud.primitives.zkpgs.graph.GraphRepresentation.encodeGraph(GSGraph, ExtendedPublicKey) GraphRepresentation.java","40","0"
"eu.prismacloud.primitives.zkpgs.orchestrator.RecipientOrchestrator.populateChallengeList() RecipientOrchestrator.java","40","0"
"eu.prismacloud.primitives.zkpgs.orchestrator.SignerOrchestrator.computeQ(SignerOrchestrator$SignatureData) SignerOrchestrator.java","40","0"
"eu.prismacloud.primitives.zkpgs.orchestrator.VerifierOrchestrator.receiveProverMessage() VerifierOrchestrator.java","40","0"
"eu.prismacloud.primitives.zkpgs.orchestrator.VerifierOrchestrator.storeProofSignature(Map) VerifierOrchestrator.java","40","0"
"eu.prismacloud.primitives.zkpgs.signature.GSSignature.verify(ExtendedPublicKey, BaseCollection) GSSignature.java","40","0"
"java.io.ObjectInputStream.readClassDescriptor() ObjectInputStream.java","40","0"
"java.io.ObjectInputStream.readFields() ObjectInputStream.java","40","0"
"java.io.ObjectInputStream$GetFieldImpl.readFields() ObjectInputStream.java","40","0"
"java.io.ObjectInputStream$PeekInputStream.readFully(byte[], int, int) ObjectInputStream.java","40","0"
"java.io.ObjectStreamClass.readNonProxy(ObjectInputStream) ObjectStreamClass.java","40","0"
"java.lang.Class.forName(String) Class.java","40","0"
"java.lang.Class.getDeclaredMethods0(boolean) Class.java (native)","40","0"
"java.lang.Class.privateGetDeclaredMethods(boolean) Class.java","40","0"
"java.lang.invoke.DirectMethodHandle.make(Class, MemberName) DirectMethodHandle.java","40","0"
"java.lang.invoke.DirectMethodHandle.make(byte, Class, MemberName) DirectMethodHandle.java","40","0"
"java.lang.invoke.DirectMethodHandle.makePreparedLambdaForm(MethodType, int) DirectMethodHandle.java","40","0"
"java.lang.invoke.DirectMethodHandle.preparedLambdaForm(MemberName) DirectMethodHandle.java","40","0"
"java.lang.invoke.DirectMethodHandle.preparedLambdaForm(MethodType, int) DirectMethodHandle.java","40","0"
"java.lang.invoke.InvokerBytecodeGenerator.generateCustomizedCode(LambdaForm, MethodType) InvokerBytecodeGenerator.java","40","0"
"java.lang.invoke.LambdaForm.compileToBytecode() LambdaForm.java","40","0"
"java.lang.reflect.Proxy.newProxyInstance(ClassLoader, Class[], InvocationHandler) Proxy.java","40","0"
"java.lang.String.intern() String.java (native)","40","40"
"java.math.BigInteger.modInverse(BigInteger) BigInteger.java","40","0"
"java.math.BigInteger.passesMillerRabin(int, Random) BigInteger.java","40","0"
"java.math.BigInteger.readObject(ObjectInputStream) BigInteger.java","40","0"
"java.math.MutableBigInteger.modInverse(MutableBigInteger) MutableBigInteger.java","40","40"
"java.math.MutableBigInteger.mutableModInverse(MutableBigInteger) MutableBigInteger.java","40","0"
"java.util.regex.Matcher.match(int, int) Matcher.java","40","0"
"java.util.regex.Matcher.matches() Matcher.java","40","0"
"java.util.regex.Pattern$Slice.match(Matcher, int, CharSequence) Pattern.java","40","20"
"javax.xml.validation.SchemaFactory.newInstance(String) SchemaFactory.java","40","0"
"javax.xml.validation.SchemaFactoryFinder._newFactory(String) SchemaFactoryFinder.java","40","0"
"javax.xml.validation.SchemaFactoryFinder.newFactory(String) SchemaFactoryFinder.java","40","0"
"org.openjdk.jmh.runner.link.BinaryLinkClient.requestPlan() BinaryLinkClient.java","40","0"
"sun.misc.Resource.getBytes() Resource.java","40","0"
"sun.misc.Unsafe.defineClass(String, byte[], int, int, ClassLoader, ProtectionDomain) Unsafe.java (native)","40","40"
"sun.reflect.ClassDefiner.defineClass(String, byte[], int, int, ClassLoader) ClassDefiner.java","40","0"
"sun.reflect.GeneratedMethodAccessor1.invoke(Object, Object[])","40","0"
"sun.security.jca.GetInstance.getInstance(String, Class, String) GetInstance.java","40","0"
"eu.prismacloud.primitives.zkpgs.orchestrator.ProverOrchestrator.createProofSignature() ProverOrchestrator.java","36","0"
"eu.prismacloud.primitives.zkpgs.prover.PossessionProver.executePostChallengePhase(BigInteger) PossessionProver.java","36","0"
"java.io.ObjectOutputStream$BlockDataOutputStream.setBlockDataMode(boolean) ObjectOutputStream.java","36","0"
"java.lang.invoke.CallSite.<clinit>() CallSite.java","36","0"
"java.lang.invoke.MethodHandle.asCollector(Class, int) MethodHandle.java","36","0"
"java.lang.invoke.MethodHandle.setVarargs(MemberName) MethodHandle.java","36","0"
"java.lang.invoke.MethodHandleImpl.makeVarargsCollector(MethodHandle, Class) MethodHandleImpl.java","36","0"
"java.lang.invoke.MethodHandleImpl.varargsArray(int) MethodHandleImpl.java","36","0"
"java.lang.invoke.MethodHandleImpl.varargsArray(Class, int) MethodHandleImpl.java","36","0"
"java.lang.invoke.MethodHandleImpl$AsVarargsCollector.<init>(MethodHandle, Class) MethodHandleImpl.java","36","0"
"java.lang.invoke.MethodHandleImpl$AsVarargsCollector.<init>(MethodType, MethodHandle, Class) MethodHandleImpl.java","36","0"
"java.lang.invoke.MethodHandleImpl$Lazy.<clinit>() MethodHandleImpl.java","36","0"
"java.lang.invoke.MethodHandles$Lookup.findStatic(Class, String, MethodType) MethodHandles.java","36","0"
"java.lang.invoke.MethodHandles$Lookup.getDirectMethod(byte, Class, MemberName, Class) MethodHandles.java","36","0"
"java.lang.Object.clone() Object.java (native)","36","36"
"java.security.MessageDigest.update(byte[]) MessageDigest.java","36","0"
"java.security.MessageDigest$Delegate.engineUpdate(byte[], int, int) MessageDigest.java","36","0"
"java.util.ArrayList.writeObject(ObjectOutputStream) ArrayList.java","36","0"
"java.util.regex.Pattern.matcher(CharSequence) Pattern.java","36","16"
"sun.security.provider.DigestBase.engineUpdate(byte[], int, int) DigestBase.java","36","0"
"eu.prismacloud.primitives.zkpgs.BaseRepresentation.addToChallengeContext(List) BaseRepresentation.java","32","0"
"eu.prismacloud.primitives.zkpgs.orchestrator.SignerOrchestrator.verifyRecipientCommitment(GroupElement, BaseCollection) SignerOrchestrator.java","32","0"
"java.math.BigInteger.smallToString(int) BigInteger.java","32","0"
"java.math.BigInteger.toString() BigInteger.java","32","0"
"java.math.BigInteger.toString(BigInteger, StringBuilder, int, int) BigInteger.java","32","0"
"java.math.BigInteger.toString(int) BigInteger.java","32","0"
"com.sun.org.apache.xerces.internal.impl.dv.xs.AnyURIDV.getActualValue(String, ValidationContext) AnyURIDV.java","24","0"
"com.sun.org.apache.xerces.internal.impl.xs.traversers.XSDAbstractIDConstraintTraverser.traverseIdentityConstraint(IdentityConstraint, Element, XSDocumentInfo, Object[]) XSDAbstractIDConstraintTraverser.java","24","0"
"com.sun.org.apache.xerces.internal.impl.xs.traversers.XSDElementTraverser.traverseGlobal(Element, XSDocumentInfo, SchemaGrammar) XSDElementTraverser.java","24","0"
"com.sun.org.apache.xerces.internal.impl.xs.traversers.XSDElementTraverser.traverseNamedElement(Element, Object[], XSDocumentInfo, SchemaGrammar, boolean, XSObject) XSDElementTraverser.java","24","0"
"com.sun.org.apache.xerces.internal.impl.xs.traversers.XSDUniqueOrKeyTraverser.traverse(Element, XSElementDecl, XSDocumentInfo, SchemaGrammar) XSDUniqueOrKeyTraverser.java","24","0"
"com.sun.org.apache.xerces.internal.util.URI.<init>(URI, String) URI.java","24","0"
"com.sun.org.apache.xerces.internal.util.URI.initialize(URI, String) URI.java","24","0"
"com.sun.org.apache.xerces.internal.util.URI.initializePath(String, int) URI.java","24","24"
"eu.prismacloud.primitives.zkpgs.util.CryptoUtilsFacade.computeRandomNumberMinusPlus(int) CryptoUtilsFacade.java","24","0"
"eu.prismacloud.primitives.zkpgs.util.GSUtils.randomMinusPlusNumber(int) GSUtils.java","24","0"
"java.io.ObjectOutputStream.writeArray(Object, ObjectStreamClass, boolean) ObjectOutputStream.java","24","0"
"java.io.ObjectStreamClass.getInheritableMethod(Class, String, Class[], Class) ObjectStreamClass.java","24","20"
"java.lang.ClassLoader$2.hasMoreElements() ClassLoader.java","24","0"
"java.util.ServiceLoader$1.hasNext() ServiceLoader.java","24","0"
"java.util.ServiceLoader$LazyIterator.hasNext() ServiceLoader.java","24","0"
"java.util.ServiceLoader$LazyIterator.hasNextService() ServiceLoader.java","24","0"
"org.openjdk.jmh.profile.ProfilerFactory.getDiscoveredProfilers() ProfilerFactory.java","24","0"
"org.openjdk.jmh.profile.ProfilerFactory.getProfiler(ProfilerConfig) ProfilerFactory.java","24","0"
"org.openjdk.jmh.profile.ProfilerFactory.getProfilerOrNull(ProfilerConfig) ProfilerFactory.java","24","0"
"org.openjdk.jmh.profile.ProfilerFactory.getSupportedInternal(Collection) ProfilerFactory.java","24","0"
"org.openjdk.jmh.runner.BaseRunner.runBenchmark(BenchmarkParams, BenchmarkHandler, IterationResultAcceptor) BaseRunner.java","24","0"
"org.openjdk.jmh.runner.link.BinaryLinkClient.pushFrame(Serializable) BinaryLinkClient.java","24","0"
"org.openjdk.jmh.runner.link.BinaryLinkClient$1.invoke(Object, Method, Object[]) BinaryLinkClient.java","24","0"
"sun.misc.CompoundEnumeration.hasMoreElements() CompoundEnumeration.java","24","0"
"sun.misc.CompoundEnumeration.next() CompoundEnumeration.java","24","0"
"sun.misc.URLClassPath.getLoader(int) URLClassPath.java","24","0"
"sun.misc.URLClassPath.getLoader(URL) URLClassPath.java","24","0"
"sun.misc.URLClassPath.getNextLoader(int[], int) URLClassPath.java","24","0"
"sun.misc.URLClassPath$2.hasMoreElements() URLClassPath.java","24","0"
"sun.misc.URLClassPath$2.next() URLClassPath.java","24","0"
"sun.misc.URLClassPath$3.run() URLClassPath.java","24","0"
"sun.misc.URLClassPath$3.run() URLClassPath.java","24","0"
"sun.misc.URLClassPath$JarLoader.<init>(URL, URLStreamHandler, HashMap, AccessControlContext) URLClassPath.java","24","0"
"sun.misc.URLClassPath$JarLoader.ensureOpen() URLClassPath.java","24","0"
"sun.misc.URLClassPath$JarLoader.getJarFile(URL) URLClassPath.java","24","24"
"sun.misc.URLClassPath$JarLoader$1.run() URLClassPath.java","24","0"
"sun.misc.URLClassPath$JarLoader$1.run() URLClassPath.java","24","0"
"com.sun.org.apache.xerces.internal.impl.Constants.<clinit>() Constants.java","20","0"
"com.sun.org.apache.xerces.internal.impl.Constants.isJavaVersionAtLeast(int) Constants.java","20","0"
"com.sun.org.apache.xerces.internal.impl.dtd.XMLDTDValidator.validate() XMLDTDValidator.java","20","0"
"com.sun.org.apache.xerces.internal.impl.dv.xs.BaseSchemaDVFactory.createBuiltInTypes(SymbolHash, XSSimpleTypeDecl) BaseSchemaDVFactory.java","20","0"
"com.sun.org.apache.xerces.internal.impl.dv.xs.SchemaDVFactoryImpl.<clinit>() SchemaDVFactoryImpl.java","20","0"
"com.sun.org.apache.xerces.internal.impl.dv.xs.SchemaDVFactoryImpl.createBuiltInTypes() SchemaDVFactoryImpl.java","20","0"
"com.sun.org.apache.xerces.internal.impl.dv.xs.XSSimpleTypeDecl.applyFacets(XSFacets, short, short, short, ValidationContext) XSSimpleTypeDecl.java","20","0"
"com.sun.org.apache.xerces.internal.impl.dv.xs.XSSimpleTypeDecl.applyFacets1(XSFacets, short, short) XSSimpleTypeDecl.java","20","0"
"com.sun.org.apache.xerces.internal.impl.dv.xs.XSSimpleTypeDecl.normalize(Object, short) XSSimpleTypeDecl.java","20","0"
"com.sun.org.apache.xerces.internal.impl.XMLDocumentScannerImpl.startEntity(String, XMLResourceIdentifier, String, Augmentations) XMLDocumentScannerImpl.java","20","0"
"com.sun.org.apache.xerces.internal.impl.XMLDocumentScannerImpl$PrologDriver.next() XMLDocumentScannerImpl.java","20","0"
"com.sun.org.apache.xerces.internal.impl.XMLEntityManager.<init>() XMLEntityManager.java","20","0"
"com.sun.org.apache.xerces.internal.impl.XMLEntityManager.setScannerVersion(short) XMLEntityManager.java","20","0"
"com.sun.org.apache.xerces.internal.impl.XMLEntityScanner.<clinit>() XMLEntityScanner.java","20","20"
"com.sun.org.apache.xerces.internal.impl.XMLNSDocumentScannerImpl$NSContentDriver.reconfigurePipeline() XMLNSDocumentScannerImpl.java","20","0"
"com.sun.org.apache.xerces.internal.impl.XMLNSDocumentScannerImpl$NSContentDriver.scanRootElementHook() XMLNSDocumentScannerImpl.java","20","0"
"com.sun.org.apache.xerces.internal.impl.XMLVersionDetector.startDocumentParsing(XMLEntityHandler, short) XMLVersionDetector.java","20","0"
"com.sun.org.apache.xerces.internal.impl.xpath.regex.Op.createClosure(int) Op.java","20","20"
"com.sun.org.apache.xerces.internal.impl.xpath.regex.RegularExpression.compile(Token) RegularExpression.java","20","0"
"com.sun.org.apache.xerces.internal.impl.xpath.regex.RegularExpression.compile(Token, Op, boolean) RegularExpression.java","20","0"
"com.sun.org.apache.xerces.internal.impl.xpath.regex.RegularExpression.matches(String, int, int, Match) RegularExpression.java","20","0"
"com.sun.org.apache.xerces.internal.impl.xpath.regex.RegularExpression.matches(String) RegularExpression.java","20","0"
"com.sun.org.apache.xerces.internal.impl.xpath.regex.RegularExpression.prepare() RegularExpression.java","20","0"
"com.sun.org.apache.xerces.internal.impl.xs.identity.Selector$Matcher.startElement(QName, XMLAttributes) Selector.java","20","0"
"com.sun.org.apache.xerces.internal.impl.xs.opti.SchemaDOM.emptyElement(QName, XMLAttributes, int, int, int) SchemaDOM.java","20","0"
"com.sun.org.apache.xerces.internal.impl.xs.opti.SchemaDOM.processElement(QName, XMLAttributes, ElementImpl) SchemaDOM.java","20","0"
"com.sun.org.apache.xerces.internal.impl.xs.opti.SchemaDOM.resizeRelations() SchemaDOM.java","20","20"
"com.sun.org.apache.xerces.internal.impl.xs.opti.SchemaDOMParser.emptyElement(QName, XMLAttributes, Augmentations) SchemaDOMParser.java","20","0"
"com.sun.org.apache.xerces.internal.impl.xs.opti.SchemaDOMParser.startDocument(XMLLocator, String, NamespaceContext, Augmentations) SchemaDOMParser.java","20","20"
"com.sun.org.apache.xerces.internal.impl.xs.opti.SchemaParsingConfig.<init>() SchemaParsingConfig.java","20","0"
"com.sun.org.apache.xerces.internal.impl.xs.opti.SchemaParsingConfig.<init>(SymbolTable, XMLGrammarPool, XMLComponentManager) SchemaParsingConfig.java","20","20"
"com.sun.org.apache.xerces.internal.impl.xs.traversers.XSDHandler.<init>(XSGrammarBucket) XSDHandler.java","20","0"
"com.sun.org.apache.xerces.internal.impl.xs.traversers.XSDHandler.<init>() XSDHandler.java","20","0"
"com.sun.org.apache.xerces.internal.impl.xs.traversers.XSDHandler.createTraversers() XSDHandler.java","20","20"
"com.sun.org.apache.xerces.internal.impl.xs.traversers.XSDHandler.prepareForTraverse() XSDHandler.java","20","0"
"com.sun.org.apache.xerces.internal.impl.xs.XMLSchemaLoader.<init>(SymbolTable, XMLErrorReporter, XMLEntityManager, XSGrammarBucket, SubstitutionGroupHandler, CMBuilder) XMLSchemaLoader.java","20","0"
"com.sun.org.apache.xerces.internal.impl.xs.XMLSchemaValidator.activateField(Field, int) XMLSchemaValidator.java","20","0"
"com.sun.org.apache.xerces.internal.impl.xs.XMLSchemaValidator.handleStartElement(QName, XMLAttributes, Augmentations) XMLSchemaValidator.java","20","0"
"com.sun.org.apache.xerces.internal.impl.xs.XMLSchemaValidator.startElement(QName, XMLAttributes, Augmentations) XMLSchemaValidator.java","20","0"
"com.sun.org.apache.xerces.internal.impl.xs.XMLSchemaValidator$LocalIDKey.hashCode() XMLSchemaValidator.java","20","0"
"com.sun.org.apache.xerces.internal.impl.xs.XMLSchemaValidator$ValueStoreCache.getValueStoreFor(IdentityConstraint, int) XMLSchemaValidator.java","20","0"
"com.sun.org.apache.xerces.internal.jaxp.SAXParserFactoryImpl.newSAXParser() SAXParserFactoryImpl.java","20","0"
"com.sun.org.apache.xerces.internal.jaxp.SAXParserImpl.<init>(SAXParserFactoryImpl, Map, boolean) SAXParserImpl.java","20","0"
"com.sun.org.apache.xerces.internal.jaxp.SAXParserImpl$JAXPSAXParser.<init>(SAXParserImpl, XMLSecurityPropertyManager, XMLSecurityManager) SAXParserImpl.java","20","0"
"com.sun.org.apache.xerces.internal.parsers.SAXParser.<init>() SAXParser.java","20","0"
"com.sun.org.apache.xerces.internal.parsers.SAXParser.<init>(SymbolTable, XMLGrammarPool) SAXParser.java","20","0"
"com.sun.org.apache.xerces.internal.parsers.XIncludeAwareParserConfiguration.<init>(SymbolTable, XMLGrammarPool, XMLComponentManager) XIncludeAwareParserConfiguration.java","20","0"
"com.sun.org.apache.xerces.internal.parsers.XIncludeAwareParserConfiguration.<init>() XIncludeAwareParserConfiguration.java","20","0"
"com.sun.org.apache.xerces.internal.parsers.XML11Configuration.<init>(SymbolTable, XMLGrammarPool, XMLComponentManager) XML11Configuration.java","20","20"
"com.sun.org.apache.xerces.internal.util.XMLChar.<clinit>() XMLChar.java","20","20"
"com.sun.org.apache.xerces.internal.utils.ObjectFactory.findClassLoader() ObjectFactory.java","20","0"
"com.sun.org.apache.xerces.internal.utils.ObjectFactory.newInstance(String, ClassLoader, boolean) ObjectFactory.java","20","0"
"com.sun.org.apache.xerces.internal.utils.SecuritySupport.getSystemClassLoader() SecuritySupport.java","20","20"
"com.sun.proxy.$Proxy5.<clinit>()","20","0"
"com.sun.proxy.$Proxy5.iteration(BenchmarkParams, IterationParams, int)","20","0"
"eu.prismacloud.primitives.zkpgs.graph.GraphMLProvider.createImporter() GraphMLProvider.java","20","0"
"eu.prismacloud.primitives.zkpgs.graph.GraphRepresentation.encodeEdge(BigInteger, BigInteger, List) GraphRepresentation.java","20","0"
"eu.prismacloud.primitives.zkpgs.graph.GraphRepresentation.encodeEdges() GraphRepresentation.java","20","0"
"eu.prismacloud.primitives.zkpgs.graph.GraphRepresentation.encodeVertices() GraphRepresentation.java","20","0"
"eu.prismacloud.primitives.zkpgs.keys.ExtendedPublicKey.getRandomVertexBase(Map) ExtendedPublicKey.java","20","0"
"eu.prismacloud.primitives.zkpgs.keys.ExtendedPublicKey.getRandomVertexBase() ExtendedPublicKey.java","20","0"
"eu.prismacloud.primitives.zkpgs.orchestrator.ProverOrchestrator.computeChallenge() ProverOrchestrator.java","20","0"
"eu.prismacloud.primitives.zkpgs.orchestrator.ProverOrchestrator.populateChallengeList() ProverOrchestrator.java","20","0"
"eu.prismacloud.primitives.zkpgs.orchestrator.SignerOrchestrator.prepareProvingSigningQ(GSSignature) SignerOrchestrator.java","20","0"
"eu.prismacloud.primitives.zkpgs.orchestrator.SigningQProverOrchestrator.executePreChallengePhase() SigningQProverOrchestrator.java","20","0"
"eu.prismacloud.primitives.zkpgs.orchestrator.VerifierOrchestrator.computeChallenge() VerifierOrchestrator.java","20","0"
"eu.prismacloud.primitives.zkpgs.orchestrator.VerifierOrchestrator.populateChallengeList() VerifierOrchestrator.java","20","0"
"eu.prismacloud.primitives.zkpgs.prover.AbstractCommitmentProver.computeResponses(BigInteger) AbstractCommitmentProver.java","20","0"
"eu.prismacloud.primitives.zkpgs.prover.AbstractCommitmentProver.executePostChallengePhase(BigInteger) AbstractCommitmentProver.java","20","0"
"eu.prismacloud.primitives.zkpgs.prover.AbstractCommitmentProver.getURNbyBaseType(BaseRepresentation, URNClass) AbstractCommitmentProver.java","20","0"
"eu.prismacloud.primitives.zkpgs.prover.CommitmentProver.getHatRandomnessURN() CommitmentProver.java","20","0"
"eu.prismacloud.primitives.zkpgs.prover.CommitmentProver.getTildeRandomnessURN() CommitmentProver.java","20","0"
"eu.prismacloud.primitives.zkpgs.prover.SigningQCorrectnessProver.executePreChallengePhase() SigningQCorrectnessProver.java","20","0"
"eu.prismacloud.primitives.zkpgs.signature.GSSignatureValidator.checkE(BigInteger) GSSignatureValidator.java","20","0"
"eu.prismacloud.primitives.zkpgs.signature.GSSignatureValidator.computeQ() GSSignatureValidator.java","20","0"
"eu.prismacloud.primitives.zkpgs.signature.GSSignatureValidator.verify() GSSignatureValidator.java","20","0"
"eu.prismacloud.primitives.zkpgs.store.URNType.buildURN(URNType, Class) URNType.java","20","0"
"eu.prismacloud.primitives.zkpgs.store.URNType.buildURNbyBaseType(BaseRepresentation, URNClass, Class) URNType.java","20","0"
"eu.prismacloud.primitives.zkpgs.store.URNType.buildURNComponent(URNType, Class, int) URNType.java","20","0"
"eu.prismacloud.primitives.zkpgs.util.crypto.QRElement.multiply(GroupElement) QRElement.java","20","20"
"eu.prismacloud.primitives.zkpgs.util.crypto.QRElement.multiply(GroupElement) QRElement.java","20","0"
"eu.prismacloud.primitives.zkpgs.util.crypto.QRElement.toString() QRElement.java","20","20"
"eu.prismacloud.primitives.zkpgs.verifier.AbstractCommitmentVerifier.checkLengths() AbstractCommitmentVerifier.java","20","0"
"eu.prismacloud.primitives.zkpgs.verifier.CommitmentVerifier.getHatRandomnessURN() CommitmentVerifier.java","20","0"
"java.io.ObjectInputStream.readArray(boolean) ObjectInputStream.java","20","0"
"java.io.ObjectInputStream.readUTF() ObjectInputStream.java","20","0"
"java.io.ObjectInputStream.resolveClass(ObjectStreamClass) ObjectInputStream.java","20","0"
"java.io.ObjectInputStream$BlockDataInputStream.read(byte[], int, int, boolean) ObjectInputStream.java","20","0"
"java.io.ObjectInputStream$BlockDataInputStream.readFully(byte[], int, int, boolean) ObjectInputStream.java","20","0"
"java.io.ObjectInputStream$BlockDataInputStream.readInt() ObjectInputStream.java","20","0"
"java.io.ObjectInputStream$BlockDataInputStream.readUTF() ObjectInputStream.java","20","0"
"java.io.ObjectInputStream$BlockDataInputStream.readUTFBody(long) ObjectInputStream.java","20","0"
"java.io.ObjectOutputStream.writeClassDesc(ObjectStreamClass, boolean) ObjectOutputStream.java","20","0"
"java.io.ObjectOutputStream.writeClassDescriptor(ObjectStreamClass) ObjectOutputStream.java","20","0"
"java.io.ObjectOutputStream.writeNonProxyDesc(ObjectStreamClass, boolean) ObjectOutputStream.java","20","0"
"java.io.ObjectOutputStream$BlockDataOutputStream.writeBlockHeader(int) ObjectOutputStream.java","20","0"
"java.io.ObjectOutputStream$HandleTable.hash(Object) ObjectOutputStream.java","20","0"
"java.io.ObjectOutputStream$HandleTable.lookup(Object) ObjectOutputStream.java","20","0"
"java.io.ObjectStreamClass.computeDefaultSUID(Class) ObjectStreamClass.java","20","0"
"java.io.ObjectStreamClass.getSerialVersionUID() ObjectStreamClass.java","20","0"
"java.io.ObjectStreamClass.writeNonProxy(ObjectOutputStream) ObjectStreamClass.java","20","20"
"java.io.ObjectStreamClass$2.run() ObjectStreamClass.java","20","0"
"java.io.ObjectStreamClass$2.run() ObjectStreamClass.java","20","0"
"java.io.ObjectStreamField.<init>(String, String, boolean) ObjectStreamField.java","20","0"
"java.io.OutputStreamWriter.flushBuffer() OutputStreamWriter.java","20","0"
"java.io.PrintStream.print(String) PrintStream.java","20","0"
"java.io.PrintStream.println(String) PrintStream.java","20","0"
"java.io.PrintStream.write(String) PrintStream.java","20","0"
"java.io.PrintStream.write(byte[], int, int) PrintStream.java","20","0"
"java.lang.Class.forName(String, boolean, ClassLoader) Class.java","20","0"
"java.lang.Class.getDeclaredMethods() Class.java","20","0"
"java.lang.Class.getMethods() Class.java","20","0"
"java.lang.Class.getSuperclass() Class.java (native)","20","20"
"java.lang.Class.isInterface() Class.java (native)","20","20"
"java.lang.Class.privateGetPublicMethods() Class.java","20","0"
"java.lang.Class.searchFields(Field[], String) Class.java","20","0"
"java.lang.ClassLoader.getPackage(String) ClassLoader.java","20","0"
"java.lang.invoke.BoundMethodHandle.<clinit>() BoundMethodHandle.java","20","0"
"java.lang.invoke.BoundMethodHandle.<init>(MethodType, LambdaForm) BoundMethodHandle.java","20","0"
"java.lang.invoke.BoundMethodHandle$Factory.makeGetter(Class, String, int) BoundMethodHandle.java","20","0"
"java.lang.invoke.BoundMethodHandle$Factory.makeGetters(Class, String, MethodHandle[]) BoundMethodHandle.java","20","0"
"java.lang.invoke.BoundMethodHandle$Species_L3.copyWithExtendL(MethodType, LambdaForm, Object) Species_L3","20","0"
"java.lang.invoke.BoundMethodHandle$Species_L4.<init>(MethodType, LambdaForm, Object, Object, Object, Object) Species_L4","20","0"
"java.lang.invoke.BoundMethodHandle$Species_L4.make(MethodType, LambdaForm, Object, Object, Object, Object) Species_L4","20","0"
"java.lang.invoke.BoundMethodHandle$SpeciesData.<clinit>() BoundMethodHandle.java","20","0"
"java.lang.invoke.BoundMethodHandle$SpeciesData.initForBootstrap() BoundMethodHandle.java","20","0"
"java.lang.invoke.CallSite.makeSite(MethodHandle, String, MethodType, Object, Class) CallSite.java","20","0"
"java.lang.invoke.DelegatingMethodHandle.<init>(MethodType, MethodHandle) DelegatingMethodHandle.java","20","0"
"java.lang.invoke.DelegatingMethodHandle.chooseDelegatingForm(MethodHandle) DelegatingMethodHandle.java","20","0"
"java.lang.invoke.DelegatingMethodHandle.makeReinvokerForm(MethodHandle, int, Object, LambdaForm$NamedFunction) DelegatingMethodHandle.java","20","0"
"java.lang.invoke.DelegatingMethodHandle.makeReinvokerForm(MethodHandle, int, Object, String, boolean, LambdaForm$NamedFunction, LambdaForm$NamedFunction) DelegatingMethodHandle.java","20","0"
"java.lang.invoke.DirectMethodHandle.make(MemberName) DirectMethodHandle.java","20","0"
"java.lang.invoke.DirectMethodHandle.makePreparedFieldLambdaForm(byte, boolean, int) DirectMethodHandle.java","20","0"
"java.lang.invoke.DirectMethodHandle.preparedFieldLambdaForm(byte, boolean, Class) DirectMethodHandle.java","20","0"
"java.lang.invoke.DirectMethodHandle.preparedFieldLambdaForm(MemberName) DirectMethodHandle.java","20","0"
"java.lang.invoke.InvokerBytecodeGenerator.emitImplicitConversion(LambdaForm$BasicType, Class, Object) InvokerBytecodeGenerator.java","20","0"
"java.lang.invoke.InvokerBytecodeGenerator.emitPushArgument(LambdaForm$Name, int) InvokerBytecodeGenerator.java","20","0"
"java.lang.invoke.InvokerBytecodeGenerator.emitPushArgument(Class, Object) InvokerBytecodeGenerator.java","20","0"
"java.lang.invoke.InvokerBytecodeGenerator.emitPushArguments(LambdaForm$Name) InvokerBytecodeGenerator.java","20","0"
"java.lang.invoke.InvokerBytecodeGenerator.emitPushArguments(LambdaForm$Name, int) InvokerBytecodeGenerator.java","20","0"
"java.lang.invoke.InvokerBytecodeGenerator.emitReferenceCast(Class, Object) InvokerBytecodeGenerator.java","20","0"
"java.lang.invoke.InvokerBytecodeGenerator.emitStaticInvoke(MemberName, LambdaForm$Name) InvokerBytecodeGenerator.java","20","0"
"java.lang.invoke.InvokerBytecodeGenerator.generateCustomizedCodeBytes() InvokerBytecodeGenerator.java","20","0"
"java.lang.invoke.InvokerBytecodeGenerator.loadAndInitializeInvokerClass(byte[], Object[]) InvokerBytecodeGenerator.java","20","0"
"java.lang.invoke.InvokerBytecodeGenerator.loadMethod(byte[]) InvokerBytecodeGenerator.java","20","0"
"java.lang.invoke.Invokers.basicInvoker() Invokers.java","20","0"
"java.lang.invoke.Invokers.checkGenericType(Object, Object) Invokers.java","20","0"
"java.lang.invoke.LambdaForm.<clinit>() LambdaForm.java","20","0"
"java.lang.invoke.LambdaForm.<init>(String, int, LambdaForm$Name[], int, boolean, MethodHandle) LambdaForm.java","20","20"
"java.lang.invoke.LambdaForm.<init>(String, int, LambdaForm$Name[], int) LambdaForm.java","20","0"
"java.lang.invoke.LambdaForm.createIdentityForms() LambdaForm.java","20","0"
"java.lang.invoke.LambdaForm.prepare() LambdaForm.java","20","0"
"java.lang.invoke.LambdaForm$DMH.804564176.invokeStatic_L6_L(Object, Object, Object, Object, Object, Object, Object) LambdaForm$DMH","20","0"
"java.lang.invoke.LambdaForm$MH.1747585824.invoke_MT(Object, Object, Object, Object, Object, Object, Object, Object) LambdaForm$MH","20","0"
"java.lang.invoke.LambdaForm$Name.<init>(MethodType, Object[]) LambdaForm.java","20","0"
"java.lang.invoke.LambdaForm$NamedFunction.<init>(MethodType) LambdaForm.java","20","0"
"java.lang.invoke.MethodHandle.<init>(MethodType, LambdaForm) MethodHandle.java","20","0"
"java.lang.invoke.MethodHandle.asType(MethodType) MethodHandle.java","20","0"
"java.lang.invoke.MethodHandle.asTypeUncached(MethodType) MethodHandle.java","20","0"
"java.lang.invoke.MethodHandleImpl.makeArrays() MethodHandleImpl.java","20","0"
"java.lang.invoke.MethodHandleImpl.makeIntrinsic(MethodHandle, MethodHandleImpl$Intrinsic) MethodHandleImpl.java","20","0"
"java.lang.invoke.MethodHandleImpl.makePairwiseConvert(MethodHandle, MethodType, boolean, boolean) MethodHandleImpl.java","20","0"
"java.lang.invoke.MethodHandleImpl.makePairwiseConvert(MethodHandle, MethodType, boolean) MethodHandleImpl.java","20","0"
"java.lang.invoke.MethodHandleImpl.makePairwiseConvertByEditor(MethodHandle, MethodType, boolean, boolean) MethodHandleImpl.java","20","0"
"java.lang.invoke.MethodHandleImpl$IntrinsicMethodHandle.<init>(MethodHandle, MethodHandleImpl$Intrinsic) MethodHandleImpl.java","20","0"
"java.lang.invoke.MethodHandleNatives.linkMethodHandleConstant(Class, int, Class, String, Object) MethodHandleNatives.java","20","0"
"java.lang.invoke.MethodHandles$Lookup.findGetter(Class, String, Class) MethodHandles.java","20","0"
"java.lang.invoke.MethodHandles$Lookup.getDirectField(byte, Class, MemberName) MethodHandles.java","20","0"
"java.lang.invoke.MethodHandles$Lookup.getDirectFieldCommon(byte, Class, MemberName, boolean) MethodHandles.java","20","0"
"java.lang.invoke.MethodHandles$Lookup.getDirectMethodForConstant(byte, Class, MemberName) MethodHandles.java","20","0"
"java.lang.invoke.MethodHandles$Lookup.getDirectMethodNoSecurityManager(byte, Class, MemberName, Class) MethodHandles.java","20","0"
"java.lang.invoke.MethodHandles$Lookup.linkMethodHandleConstant(byte, Class, String, Object) MethodHandles.java","20","0"
"java.lang.Object.hashCode() Object.java (native)","20","20"
"java.lang.Package.getSystemPackage(String) Package.java","20","0"
"java.lang.reflect.Constructor.acquireConstructorAccessor() Constructor.java","20","0"
"java.lang.reflect.Field.acquireFieldAccessor(boolean) Field.java","20","0"
"java.lang.reflect.Field.getFieldAccessor(Object) Field.java","20","0"
"java.lang.reflect.Field.getLong(Object) Field.java","20","0"
"java.lang.reflect.Proxy.getProxyClass0(ClassLoader, Class[]) Proxy.java","20","0"
"java.lang.reflect.Proxy$ProxyClassFactory.apply(ClassLoader, Class[]) Proxy.java","20","0"
"java.lang.reflect.Proxy$ProxyClassFactory.apply(Object, Object) Proxy.java","20","0"
"java.lang.reflect.WeakCache.get(Object, Object) WeakCache.java","20","0"
"java.lang.reflect.WeakCache$Factory.get() WeakCache.java","20","0"
"java.lang.String.<init>(char[], int, int) String.java","20","0"
"java.lang.String.concat(String) String.java","20","0"
"java.lang.String.getChars(char[], int) String.java","20","0"
"java.lang.String.split(String, int) String.java","20","0"
"java.lang.StringBuilder.toString() StringBuilder.java","20","0"
"java.lang.System.arraycopy(Object, int, Object, int, int) System.java (native)","20","20"
"java.lang.System.identityHashCode(Object) System.java (native)","20","20"
"java.math.BigInteger.implMontgomerySquare(int[], int[], int, long, int[]) BigInteger.java","20","20"
"java.math.BigInteger.mod(BigInteger) BigInteger.java","20","0"
"java.math.BigInteger.montgomerySquare(int[], int[], int, long, int[]) BigInteger.java","20","0"
"java.math.BigInteger.multiply(BigInteger) BigInteger.java","20","0"
"java.math.BigInteger.multiply(BigInteger, boolean) BigInteger.java","20","0"
"java.math.BigInteger.multiplyByInt(int[], int, int) BigInteger.java","20","20"
"java.math.BigInteger.remainder(BigInteger) BigInteger.java","20","0"
"java.math.BigInteger.remainderKnuth(BigInteger) BigInteger.java","20","0"
"java.math.MutableBigInteger.divide(MutableBigInteger, MutableBigInteger) MutableBigInteger.java","20","0"
"java.math.MutableBigInteger.divide(MutableBigInteger, MutableBigInteger, boolean) MutableBigInteger.java","20","20"
"java.math.MutableBigInteger.divideKnuth(MutableBigInteger, MutableBigInteger) MutableBigInteger.java","20","0"
"java.math.MutableBigInteger.divideKnuth(MutableBigInteger, MutableBigInteger, boolean) MutableBigInteger.java","20","0"
"java.math.MutableBigInteger.divideMagnitude(MutableBigInteger, MutableBigInteger, boolean) MutableBigInteger.java","20","0"
"java.math.MutableBigInteger.normalize() MutableBigInteger.java","20","20"
"java.net.URLClassLoader.definePackageInternal(String, Manifest, URL) URLClassLoader.java","20","0"
"java.net.URLClassLoader.getAndVerifyPackage(String, Manifest, URL) URLClassLoader.java","20","0"
"java.security.MessageDigest.getInstance(String) MessageDigest.java","20","0"
"java.security.Provider$Service.newInstance(Object) Provider.java","20","20"
"java.security.SecureRandom.<init>() SecureRandom.java","20","0"
"java.security.SecureRandom.getDefaultPRNG(boolean, byte[]) SecureRandom.java","20","0"
"java.security.SecureRandom.getInstance(String) SecureRandom.java","20","0"
"java.security.Security.getImpl(String, String, String) Security.java","20","0"
"java.util.ArrayList.subList(int, int) ArrayList.java","20","20"
"java.util.Arrays.copyOfRange(char[], int, int) Arrays.java","20","20"
"java.util.HashMap.get(Object) HashMap.java","20","0"
"java.util.HashMap.hash(Object) HashMap.java","20","0"
"java.util.regex.Matcher.<init>(Pattern, CharSequence) Matcher.java","20","20"
"java.util.regex.Pattern.atom() Pattern.java","20","20"
"java.util.regex.Pattern.expr(Pattern$Node) Pattern.java","20","0"
"java.util.regex.Pattern.sequence(Pattern$Node) Pattern.java","20","0"
"java.util.regex.Pattern$BnM.optimize(Pattern$Node) Pattern.java","20","20"
"java.util.regex.Pattern$Curly.match(Matcher, int, CharSequence) Pattern.java","20","0"
"java.util.regex.Pattern$Curly.match0(Matcher, int, int, CharSequence) Pattern.java","20","20"
"java.util.zip.InflaterInputStream.read(byte[], int, int) InflaterInputStream.java","20","0"
"java.util.zip.ZipFile.read(long, long, long, byte[], int, int) ZipFile.java (native)","20","20"
"java.util.zip.ZipFile$ZipFileInflaterInputStream.close() ZipFile.java","20","0"
"java.util.zip.ZipFile$ZipFileInflaterInputStream.fill() ZipFile.java","20","0"
"java.util.zip.ZipFile$ZipFileInputStream.read(byte[], int, int) ZipFile.java","20","0"
"jdk.internal.org.objectweb.asm.ClassWriter.addType(String) ClassWriter.java","20","0"
"jdk.internal.org.objectweb.asm.ClassWriter.addType(Item) ClassWriter.java","20","20"
"jdk.internal.org.objectweb.asm.Frame.execute(int, int, ClassWriter, Item) Frame.java","20","0"
"jdk.internal.org.objectweb.asm.MethodWriter.visitTypeInsn(int, String) MethodWriter.java","20","0"
"org.jgrapht.graph.DefaultUndirectedGraph.<init>(Class) DefaultUndirectedGraph.java","20","0"
"org.jgrapht.io.AbstractBaseImporter.<init>(VertexProvider, EdgeProvider, ComponentUpdater, ComponentUpdater) AbstractBaseImporter.java","20","20"
"org.jgrapht.io.AbstractBaseImporter.<init>(VertexProvider, EdgeProvider) AbstractBaseImporter.java","20","0"
"org.jgrapht.io.GraphMLImporter.<init>(VertexProvider, EdgeProvider) GraphMLImporter.java","20","0"
"org.jgrapht.io.GraphMLImporter$GraphMLHandler.updateGraph(Graph) GraphMLImporter.java","20","0"
"org.openjdk.jmh.results.IterationResult.<clinit>() IterationResult.java","20","0"
"org.openjdk.jmh.runner.BenchmarkHandler.findBenchmarkMethod(Class, String) BenchmarkHandler.java","20","0"
"org.openjdk.jmh.runner.link.BinaryLinkClient$ForwardingPrintStream$1.write(byte[], int, int) BinaryLinkClient.java","20","0"
"org.openjdk.jmh.util.ClassUtils.enumerateMethods(Class) ClassUtils.java","20","0"
"org.openjdk.jmh.util.ClassUtils.loadClass(String) ClassUtils.java","20","0"
"sun.misc.ProxyGenerator.generateClassFile() ProxyGenerator.java","20","0"
"sun.misc.ProxyGenerator.generateProxyClass(String, Class[], int) ProxyGenerator.java","20","0"
"sun.misc.Unsafe.defineAnonymousClass(Class, byte[], Object[]) Unsafe.java (native)","20","20"
"sun.misc.Unsafe.ensureClassInitialized(Class) Unsafe.java (native)","20","20"
"sun.nio.cs.StreamEncoder.flushBuffer() StreamEncoder.java","20","0"
"sun.nio.cs.StreamEncoder.implFlushBuffer() StreamEncoder.java","20","0"
"sun.nio.cs.StreamEncoder.writeBytes() StreamEncoder.java","20","0"
"sun.reflect.MethodAccessorGenerator.isInterface() MethodAccessorGenerator.java","20","0"
"sun.reflect.Reflection.isSubclassOf(Class, Class) Reflection.java","20","0"
"sun.reflect.ReflectionFactory.newConstructorAccessor(Constructor) ReflectionFactory.java","20","0"
"sun.reflect.ReflectionFactory.newFieldAccessor(Field, boolean) ReflectionFactory.java","20","0"
"sun.reflect.UnsafeFieldAccessorFactory.newFieldAccessor(Field, boolean) UnsafeFieldAccessorFactory.java","20","0"
"sun.security.jca.GetInstance.getInstance(Provider$Service, Class) GetInstance.java","20","0"
"sun.security.jca.ProviderConfig.doLoadProvider() ProviderConfig.java","20","0"
"sun.security.jca.ProviderConfig.getProvider() ProviderConfig.java","20","0"
"sun.security.jca.ProviderConfig$2.run() ProviderConfig.java","20","0"
"sun.security.jca.ProviderConfig$2.run() ProviderConfig.java","20","0"
"sun.security.jca.ProviderList.getProvider(int) ProviderList.java","20","0"
"sun.security.jca.ProviderList.getService(String, String) ProviderList.java","20","0"
"sun.security.provider.DigestBase.engineReset() DigestBase.java","20","0"
"sun.security.provider.NativePRNG.<clinit>() NativePRNG.java","20","0"
"sun.security.provider.NativePRNG.initIO(NativePRNG$Variant) NativePRNG.java","20","0"
"sun.security.provider.NativePRNG$1.<init>(NativePRNG$Variant) NativePRNG.java","20","20"
"sun.security.provider.SecureRandom.engineNextBytes(byte[]) SecureRandom.java","20","0"
"sun.security.provider.SHA.implReset() SHA.java","20","0"
"sun.security.provider.SHA.resetHashes() SHA.java","20","20"
"sun.security.provider.Sun.<init>() Sun.java","20","0"
"sun.security.provider.SunEntries.putEntries(Map) SunEntries.java","20","0"
"eu.prismacloud.primitives.zkpgs.signature.GSSignature.hasValidE() GSSignature.java","16","0"
"eu.prismacloud.primitives.zkpgs.signature.GSSignature.verify(SignerPublicKey, GroupElement) GSSignature.java","16","0"
"eu.prismacloud.primitives.zkpgs.store.ProofStore.retrieve(String) ProofStore.java","16","0"
"eu.prismacloud.primitives.zkpgs.store.URNType.values() URNType.java","16","0"
"eu.prismacloud.primitives.zkpgs.util.CryptoUtilsFacade.computeHash(List, int) CryptoUtilsFacade.java","16","0"
"eu.prismacloud.primitives.zkpgs.util.GSUtils.computeHash(List, int) GSUtils.java","16","0"
"eu.prismacloud.primitives.zkpgs.verifier.PossessionVerifier.checkLengths() PossessionVerifier.java","16","0"
"java.lang.invoke.BoundMethodHandle.editor() BoundMethodHandle.java","16","0"
"java.lang.invoke.LambdaForm.editor() LambdaForm.java","16","16"
"sun.security.provider.DigestBase.implCompressMultiBlock(byte[], int, int) DigestBase.java","16","16"
"eu.prismacloud.primitives.zkpgs.orchestrator.SignerOrchestrator.computeChallenge() SignerOrchestrator.java","12","0"
"eu.prismacloud.primitives.zkpgs.orchestrator.SignerOrchestrator.populateChallengeList() SignerOrchestrator.java","12","0"
"java.math.MutableBigInteger.toBigInteger(int) MutableBigInteger.java","12","12"
"com.sun.proxy.$Proxy5.iterationResult(BenchmarkParams, IterationParams, int, IterationResult)","4","0"
"java.lang.Class.getDeclaredMethod(String, Class[]) Class.java","4","4"
